摘自：动态规划解决01背包问题 >>> https://www.cnblogs.com/Christal-R/p/Dynamic_programming.html
摘自：动态规划之01背包问题（最易理解的讲解） >>> http://blog.csdn.net/mu399/article/details/7722810

问题描述：
n个物品，每个物品的重量和价值已知，背包最大承载重量一定，怎样装载，使物品的价值最大？

问题分析：
0-1背包问题的解空间是一棵幂集树。

解决思路一：
枚举法构造幂集，再适当的剪枝。

解决思路二：
使用动态规划法。具体示例：有编号分别为a,b,c,d,e的五件物品，它们的重量分别是2,2,6,5,4，它们的价值分别是6,3,5,4,6，现在给你个承重为10的背包。
动态规划表如下(由上至下按行填写，每一行由左至右填写，具体填法见代码)：
name weight value  index | 0  1  2  3  4  5  6  7  8  9 10
-------------------------|--------------------------------
                       0 | 0  0  0  0  0  0  0  0  0  0  0
   a      2     6      1 | 0  0  6  6  6  6  6  6  6  6  6
   b      2     3      2 | 0  0  6  6  9  9  9  9  9  9  9
   c      6     5      3 | 0  0  6  6  9  9  9  9 11 11 14
   d      5     4      4 | 0  0  6  6  9  9  9 10 11 13 14
   e      4     6      5 | 0  0  6  6  9  9 12 12 15 15 15
最优解路径：(5,10)、 (4,6)、(3,6) 、(2,6) 、(1,4)。
