37211
37213
37215
37217
37219
37221
37223
37225
37227
37229
37231
37233
37235
37237
37239
37241
37243
37245
37247
37248
37250
37252
37254
37256
37258
37260
37262
37264
37266
37268
37270
37272
37274
37276
37278
37280
37282
37284
37286
37288
37290
37292
37294
37296
37298
37300
37302
37304
37306
37308
37310
37312
37314
37316
37318
37320
37322
37324
37326
37328
37330
37332
37334
37336
37338
37340
37342
37344
37346
37348
37350
37352
37354
37356
37358
37360
37362
37364
37366
37368
37370
37372
37374
37376
37378
37380
37382
37384
37386
37388
37390
37392
37394
37396
37398
37400
37402
37404
37406
37408
37410
37412
37414
37416
37418
37420
37422
37424
37426
37428
37430
37432
37434
37436
37438
37440
37442
37444
37446
37448
37450
37452
37454
37456
37458
37460
37462
37464
37466
37468
37470
37472
37474
37476
37478
37480
37482
37484
37486
37489
37491
37493
37495
37497
37499
37501
37503
37505
37507
37509
37511
37513
37515
37517
37519
37521
37523
37525
37527
37529
37531
37533
37535
37537
37539
37541
37543
37545
37547
37549
37551
37553
37555
37557
37559
37561
37563
37565
37567
37569
37571
37573
37575
37577
37579
37581
37583
37585
37587
37589
37591
37593
37595
37597
37599
37601
37603
37605
37607
37609
37611
37613
37615
37617
37619
37621
37623
37625
37627
37629
37631
37633
37635
37637
37639
37641
37643
37645
37647
37649
37651
37653
37655
37657
37659
37661
37663
37665
37667
37669
37671
37673
37675
37677
37679
37681
37683
37685
37687
37689
37691
37693
37694
37696
37698
37700
37702
37704
37706
37708
37710
37712
37714
37716
37718
37720
37722
37724
37726
37728
37730
37732
37734
37736
37738
37740
37742
37744
37746
37748
37750
37752
37754
37756
37758
37760
37762
37764
37766
37768
37770
37772
37774
37776
37778
37780
37782
37784
37786
37788
37790
37792
37794
37796
37798
37800
37802
37804
37806
37808
37810
37812
37814
37816
37818
37820
37822
37824
37826
37828
37830
37832
37834
37836
37838
37840
37842
37844
37846
37848
37850
37852
37854
37856
37858
37860
37862
37864
37866
37868
37870
37872
37874
37876
37878
37880
37882
37883
37885
37887
37889
37891
37893
37895
37897
37899
37901
37903
37905
37907
37909
37911
37913
37915
37917
37919
37921
37923
37925
37927
37929
37931
37933
37935
37937
37939
37941
37943
37945
37947
37949
37951
37953
37955
37957
37959
37961
37963
37965
37967
37969
37971
37973
37975
37977
37979
37981
37983
37985
37987
37989
37991
37993
37995
37997
37999
38001
38003
38005
38007
38009
38011
38013
38015
38017
38019
38021
38023
38025
38027
38029
38031
38033
38035
38037
38039
38041
38043
38045
38047
38049
38051
38053
38055
38057
38059
38061
38063
38065
38067
38069
38071
38073
38075
38077
38079
38081
38083
38085
38087
38089
38091
38093
38095
38097
38099
38101
38103
38105
38107
38109
38111
38113
38115
38117
38119
38122
38124
38126
38128
38130
38132
38134
38136
38138
38140
38142
38144
38146
38148
38150
38152
38154
38156
38158
38160
38162
38164
38166
38168
38170
38172
38174
38176
38178
38180
38182
38184
38186
38188
38190
38192
38194
38196
38198
38200
38202
38204
38206
38208
38210
38212
38214
38216
38218
38220
38222
38224
38226
38228
38230
38232
38234
38236
38238
38240
38242
38244
38246
38248
38250
38252
38254
38256
38258
38260
38262
38264
38266
38268
38270
38272
38274
38276
38278
38280
38282
38284
38286
38288
38290
38292
38294
38296
38298
38300
38302
38304
38306
38308
38310
38312
38314
38316
38318
38320
38322
38324
38326
38328
38330
38332
38334
38336
38338
38340
38342
38344
38346
38348
38350
38352
38354
38356
38358
38360
38362
38364
38366
38368
38370
38372
38374
38376
38378
38380
38382
38384
38386
38388
38390
38392
38394
38396
38398
38400
38402
38404
38406
38408
38410
38412
38414
38416
38418
38420
38422
38424
38426
38428
38430
38432
38434
38436
38438
38440
38442
38444
38446
38448
38450
38452
38454
38456
38458
38460
38462
38464
38466
38468
38470
38472
38474
38476
38478
38480
38482
38484
38486
38488
38490
38492
38494
38496
38498
38500
38502
38504
38506
38508
38510
38512
38514
38516
38518
38520
38522
38524
38526
38528
38530
38532
38534
38536
38538
38540
38542
38544
38546
38548
38550
38552
38554
38556
38558
38560
38562
38564
38566
38568
38570
38572
38574
38576
38578
38580
38582
38584
38586
38588
38590
38592
38594
38596
38598
38600
38602
38604
38606
38608
38610
38612
38614
38616
38618
38620
38622
38624
38626
38628
38630
38632
38634
38636
38638
38640
38642
38644
38646
38648
38650
38652
38654
38656
38658
38660
38662
38664
38666
38668
38670
38672
38674
38676
38678
38680
38682
38684
38686
38688
38690
38692
38694
38696
38698
38700
38702
38704
38706
38708
38710
38712
38714
38716
38718
38720
38722
38724
38726
38728
38730
38732
38734
38736
38738
38740
38742
38744
38746
38748
38750
38752
38754
38756
38758
38760
38762
38764
38766
38768
38770
38772
38774
38776
38778
38780
38782
38784
38786
38788
38790
38792
38794
38796
38798
38800
38802
38804
38806
38808
38810
38812
38814
38816
38818
38820
38822
38824
38826
38828
38830
38832
38834
38836
38838
38840
38842
38844
38846
38848
38850
38852
38854
38856
38858
38860
38862
38864
38866
38868
38870
38872
38874
38876
38878
38880
38882
38884
38886
38888
38890
38892
38894
38896
38898
38900
38902
38904
38906
38908
38910
38912
38914
38916
38918
38920
38922
38924
38926
38928
38930
38932
38934
38936
38938
38940
38942
38944
38946
38948
38950
38952
38954
38956
38958
38960
38962
38964
38966
38968
38970
38972
38974
38976
38978
38980
38982
38984
38986
38988
38990
38992
38994
38996
38998
39000
39002
39004
39006
39008
39010
39012
39014
39016
39018
39020
39022
39024
39026
39028
39030
39032
39034
39036
39038
39040
39042
39044
39046
39048
39050
39052
39054
39056
39058
39060
39062
39064
39066
39068
39070
39072
39074
39076
39078
39080
39082
39084
39086
39088
39090
39092
39094
39096
39098
39100
39102
39104
39106
39108
39110
39112
39114
39116
39118
39120
39122
39124
39126
39128
39130
39132
39134
39136
39138
39140
39142
39144
39146
39148
39149
39151
39153
39155
39157
39159
39161
39163
39165
39167
39169
39171
39173
39175
39177
39179
39181
39183
39185
39187
39189
39191
39193
39195
39197
39199
39201
39203
39205
39207
39209
39211
39213
39215
39217
39219
39221
39223
39225
39227
39229
39231
39233
39235
39237
39239
39241
39243
39245
39247
39249
39251
39253
39255
39257
39259
39261
39263
39265
39267
39269
39271
39273
39275
39277
39279
39281
39283
39285
39287
39289
39291
39293
39295
39297
39299
39301
39303
39305
39307
39309
39311
39313
39315
39317
39319
39321
39323
39325
39327
39329
39331
39333
39335
39337
39339
39341
39343
39345
39347
39349
39351
39353
39355
39357
39359
39361
39363
39365
39367
39369
39371
39373
39375
39377
39379
39381
39383
39385
39388
39390
39392
39394
39396
39398
39400
39402
39404
39406
39408
39410
39412
39414
39416
39418
39420
39422
39424
39426
39428
39430
39432
39434
39436
39438
39440
39442
39444
39446
39448
39450
39452
39454
39456
39458
39460
39462
39464
39466
39468
39470
39472
39474
39476
39478
39480
39482
39484
39486
39488
39490
39492
39494
39496
39498
39500
39502
39504
39506
39508
39510
39512
39514
39516
39518
39520
39522
39524
39526
39528
39530
39532
39534
39536
39538
39540
39542
39544
39546
39548
39550
39552
39554
39556
39558
39560
39562
39564
39566
39568
39570
39572
39574
39576
39578
39580
39582
39584
39586
39588
39590
39592
39594
39596
39598
39600
39602
39604
39606
39608
39610
39612
39614
39616
39618
39620
39622
39624
39626
39628
39630
39632
39634
39636
39638
39640
39642
39644
39646
39648
39650
39652
39654
39656
39658
39660
39662
39664
39666
39668
39670
39672
39674
39676
39678
39680
39682
39684
39686
39688
39690
39692
39694
39696
39698
39700
39702
39704
39706
39708
39710
39712
39714
39716
39718
39720
39722
39724
39726
39728
39730
39732
39734
39736
39738
39740
39742
39744
39746
39748
39750
39752
39754
39756
39758
39760
39762
39764
39766
39768
39770
39772
39774
39776
39778
39780
39782
39783
39785
39787
39789
39791
39793
39795
39797
39799
39801
39803
39805
39807
39809
39811
39813
39815
39817
39819
39821
39823
39825
39827
39829
39831
39833
39835
39837
39839
39841
39843
39845
39847
39849
39851
39853
39855
39857
39859
39861
39863
39865
39867
39869
39871
39873
39875
39877
39879
39881
39883
39885
39887
39889
39891
39893
39895
39897
39899
39901
39903
39905
39907
39909
39911
39913
39915
39917
39919
39921
39923
39925
39927
39929
39931
39933
39935
39937
39939
39941
39943
39945
39947
39949
39951
39953
39955
39957
39959
39961
39963
39965
39967
39969
39971
39973
39975
39977
39979
39981
39983
39985
39987
39989
39991
39993
39995
39997
39999
40001
40003
40005
40007
40009
40011
40013
40015
40017
40019
40022
40024
40026
40028
40030
40032
40034
40036
40038
40040
40042
40044
40046
40048
40050
40052
40054
40056
40058
40060
40062
40064
40066
40068
40070
40072
40074
40076
40078
40080
40082
40084
40086
40088
40090
40092
40094
40096
40098
40100
40102
40104
40106
40108
40110
40112
40114
40116
40118
40120
40122
40124
40126
40128
40130
40132
40134
40136
40138
40140
40142
40144
40146
40148
40150
40152
40154
40156
40158
40160
40162
40164
40166
40168
40170
40172
40174
40176
40178
40180
40182
40184
40186
40188
40190
40192
40194
40196
40198
40200
40202
40204
40206
40208
40210
40212
40214
40216
40218
40220
40222
40224
40226
40228
40230
40232
40234
40236
40238
40240
40242
40244
40246
40248
40250
40252
40254
40256
40258
40260
40262
40264
40266
40268
40270
40272
40274
40276
40278
40280
40282
40284
40286
40288
40290
40292
40294
40296
40298
40300
40302
40304
40306
40308
40310
40312
40314
40316
40318
40320
40322
40324
40326
40328
40330
40332
40334
40336
40338
40340
40342
40344
40346
40348
40350
40352
40354
40356
40358
40360
40362
40364
40366
40368
40370
40372
40374
40376
40378
40380
40382
40384
40386
40388
40390
40392
40394
40396
40398
40400
40402
40404
40406
40408
40410
40412
40414
40416
40417
40419
40421
40423
40425
40427
40429
40431
40433
40435
40437
40439
40441
40443
40445
40447
40449
40451
40453
40455
40457
40459
40461
40463
40465
40467
40469
40471
40473
40475
40477
40479
40481
40483
40485
40487
40489
40491
40493
40495
40497
40499
40501
40503
40505
40507
40509
40511
40513
40515
40517
40519
40521
40523
40525
40527
40529
40531
40533
40535
40537
40539
40541
40543
40545
40547
40549
40551
40553
40555
40557
40559
40561
40563
40565
40567
40569
40571
40573
40575
40577
40579
40581
40583
40585
40587
40589
40591
40593
40595
40597
40599
40601
40603
40605
40607
40609
40611
40613
40615
40617
40619
40621
40623
40625
40627
40629
40631
40633
40635
40637
40639
40641
40643
40645
40647
40649
40651
40653
40655
40657
40659
40661
40663
40665
40667
40669
40671
40673
40675
40677
40679
40681
40683
40685
40687
40689
40691
40693
40695
40697
40699
40701
40703
40705
40707
40709
40711
40713
40715
40717
40719
40721
40723
40725
40727
40729
40731
40733
40735
40737
40739
40741
40743
40745
40747
40749
40751
40753
40755
40757
40759
40761
40763
40765
40767
40769
40771
40773
40775
40777
40779
40781
40783
40785
40787
40789
40791
40793
40795
40797
40799
40801
40803
40805
40807
40809
40811
40813
40815
40817
40819
40821
40823
40825
40827
40829
40831
40833
40835
40837
40839
40841
40843
40845
40847
40849
40851
40853
40855
40857
40859
40861
40863
40865
40867
40869
40871
40873
40875
40877
40879
40881
40883
40885
40887
40889
40891
40893
40895
40897
40899
40901
40903
40905
40907
40909
40911
40913
40915
40917
40919
40921
40923
40925
40927
40929
40931
40933
40935
40937
40939
40941
40943
40945
40947
40949
40951
40953
40955
40957
40959
40961
40963
40965
40967
40969
40971
40973
40975
40977
40979
40981
40983
40985
40987
40989
40991
40993
40995
40997
40999
41001
41003
41005
41007
41009
41011
41013
41015
41017
41019
41021
41023
41025
41027
41029
41031
41033
41035
41037
41039
41041
41043
41045
41047
41049
41051
41053
41055
41057
41059
41061
41063
41065
41067
41069
41071
41073
41075
41077
41079
41081
41083
41085
41087
41089
41091
41093
41095
41097
41099
41101
41103
41105
41107
41109
41111
41113
41115
41117
41119
41121
41123
41125
41127
41129
41131
41133
41135
41137
41139
41141
41143
41145
41147
41149
41151
41153
41155
41157
41159
41161
41163
41165
41167
41169
41171
41173
41175
41177
41179
41181
41183
41185
41187
41189
41191
41193
41195
41197
41199
41201
41203
41205
41207
41209
41211
41213
41215
41217
41219
41221
41223
41225
41227
41229
41231
41233
41235
41237
41239
41241
41243
41245
41247
41249
41251
41253
41255
41257
41259
41261
41263
41265
41267
41269
41271
41273
41275
41277
41279
41281
41283
41285
41288
41290
41292
41294
41296
41298
41300
41302
41304
41306
41308
41310
41312
41314
41316
41318
41320
41322
41324
41326
41328
41330
41332
41334
41336
41338
41340
41342
41344
41346
41348
41350
41352
41354
41356
41358
41360
41362
41364
41366
41368
41370
41372
41374
41376
41378
41380
41382
41384
41386
41388
41390
41392
41394
41396
41398
41400
41402
41404
41406
41408
41410
41412
41414
41416
41418
41420
41422
41424
41426
41428
41430
41432
41434
41436
41438
41440
41442
41444
41446
41448
41450
41452
41454
41456
41458
41460
41462
41464
41466
41468
41470
41472
41474
41476
41478
41480
41482
41484
41486
41488
41490
41492
41494
41496
41498
41500
41502
41504
41506
41508
41510
41512
41514
41516
41518
41520
41522
41524
41526
41528
41530
41532
41534
41536
41538
41540
41542
41544
41546
41548
41550
41552
41554
41556
41558
41560
41562
41564
41566
41568
41570
41572
41574
41576
41578
41580
41582
41584
41586
41588
41590
41592
41594
41596
41598
41600
41602
41604
41606
41608
41610
41612
41614
41616
41618
41620
41622
41624
41626
41628
41630
41632
41634
41636
41638
41640
41642
41644
41646
41648
41650
41652
41654
41656
41658
41660
41662
41664
41666
41668
41670
41672
41674
41676
41678
41680
41682
41683
41685
41687
41689
41691
41693
41695
41697
41699
41701
41703
41705
41707
41709
41711
41713
41715
41717
41719
41721
41723
41725
41727
41729
41731
41733
41735
41737
41739
41741
41743
41745
41747
41749
41751
41753
41755
41757
41759
41761
41763
41765
41767
41769
41771
41773
41775
41777
41779
41781
41783
41785
41787
41789
41791
41793
41795
41797
41799
41801
41803
41805
41807
41809
41811
41813
41815
41817
41819
41821
41823
41825
41827
41829
41831
41833
41835
41837
41839
41841
41843
41845
41847
41849
41851
41853
41855
41857
41859
41861
41863
41865
41867
41869
41871
41873
41875
41877
41879
41881
41883
41885
41887
41889
41891
41893
41895
41897
41899
41901
41903
41905
41907
41909
41911
41913
41915
41917
41919
41922
41924
41926
41928
41930
41932
41934
41936
41938
41940
41942
41944
41946
41948
41950
41952
41954
41956
41958
41960
41962
41964
41966
41968
41970
41972
41974
41976
41978
41980
41982
41984
41986
41988
41990
41992
41994
41996
41998
42000
42002
42004
42006
42008
42010
42012
42014
42016
42018
42020
42022
42024
42026
42028
42030
42032
42034
42036
42038
42040
42042
42044
42046
42048
42050
42052
42054
42056
42058
42060
42062
42064
42066
42068
42070
42072
42074
42076
42078
42080
42082
42084
42086
42088
42090
42092
42094
42096
42098
42100
42102
42104
42106
42108
42110
42112
42114
42116
42118
42120
42122
42124
42126
42128
42130
42132
42134
42136
42138
42140
42142
42144
42146
42148
42150
42152
42154
42156
42158
42160
42162
42164
42166
42168
42170
42172
42174
42176
42178
42180
42182
42184
42186
42188
42190
42192
42194
42196
42198
42200
42202
42204
42206
42208
42210
42212
42214
42216
42218
42220
42222
42224
42226
42228
42230
42232
42234
42236
42238
42240
42242
42244
42246
42248
42250
42252
42254
42256
42258
42260
42262
42264
42266
42268
42270
42272
42274
42276
42278
42280
42282
42284
42286
42288
42290
42292
42294
42296
42298
42300
42302
42304
42306
42308
42310
42312
42314
42316
42317
42319
42321
42323
42325
42327
42329
42331
42333
42335
42337
42339
42341
42343
42345
42347
42349
42351
42353
42355
42357
42359
42361
42363
42365
42367
42369
42371
42373
42375
42377
42379
42381
42383
42385
42387
42389
42391
42393
42395
42397
42399
42401
42403
42405
42407
42409
42411
42413
42415
42417
42419
42421
42423
42425
42427
42429
42431
42433
42435
42437
42439
42441
42443
42445
42447
42449
42451
42453
42455
42457
42459
42461
42463
42465
42467
42469
42471
42473
42475
42477
42479
42481
42483
42485
42487
42489
42491
42493
42495
42497
42499
42501
42503
42505
42507
42509
42511
42513
42515
42517
42519
42521
42523
42525
42527
42529
42531
42533
42535
42537
42539
42541
42543
42545
42547
42549
42551
42553
42555
42557
42559
42561
42563
42565
42567
42569
42571
42573
42575
42577
42579
42581
42583
42585
42587
42589
42591
42593
42595
42597
42599
42601
42603
42605
42607
42609
42611
42613
42615
42617
42619
42621
42623
42625
42627
42629
42631
42633
42635
42637
42639
42641
42643
42645
42647
42649
42651
42653
42655
42657
42659
42661
42663
42665
42667
42669
42671
42673
42675
42677
42679
42681
42683
42685
42687
42689
42691
42693
42695
42697
42699
42701
42703
42705
42707
42709
42711
42713
42715
42717
42719
42721
42723
42725
42727
42729
42731
42733
42735
42737
42739
42741
42743
42745
42747
42749
42751
42753
42755
42757
42759
42761
42763
42765
42767
42769
42771
42773
42775
42777
42779
42781
42783
42785
42787
42789
42791
42793
42795
42797
42799
42801
42803
42805
42807
42809
42811
42813
42815
42817
42819
42821
42823
42825
42827
42829
42831
42833
42835
42837
42839
42841
42843
42845
42847
42849
42851
42853
42855
42857
42859
42861
42863
42865
42867
42869
42871
42873
42875
42877
42879
42881
42883
42885
42887
42889
42891
42893
42895
42897
42899
42901
42903
42905
42907
42909
42911
42913
42915
42917
42919
42921
42923
42925
42927
42929
42931
42933
42935
42937
42939
42941
42943
42945
42947
42949
42951
42952
42954
42956
42958
42960
42962
42964
42966
42968
42970
42972
42974
42976
42978
42980
42982
42984
42986
42988
42990
42992
42994
42996
42998
43000
43002
43004
43006
43008
43010
43012
43014
43016
43018
43020
43022
43024
43026
43028
43030
43032
43034
43036
43038
43040
43042
43044
43046
43048
43050
43052
43054
43056
43058
43060
43062
43064
43066
43068
43070
43072
43074
43076
43078
43080
43082
43084
43086
43088
43090
43092
43094
43096
43098
43100
43102
43104
43106
43108
43110
43112
43114
43116
43118
43120
43122
43124
43126
43128
43130
43132
43134
43136
43138
43140
43142
43144
43146
43148
43150
43152
43154
43156
43158
43160
43162
43164
43166
43168
43170
43172
43174
43176
43178
43180
43182
43184
43187
43189
43191
43193
43195
43197
43199
43201
43203
43205
43207
43209
43211
43213
43215
43217
43219
43221
43223
43225
43227
43229
43231
43233
43235
43237
43239
43241
43243
43245
43247
43249
43251
43253
43255
43257
43259
43261
43263
43265
43267
43269
43271
43273
43275
43277
43279
43281
43283
43285
43287
43289
43291
43293
43295
43297
43299
43301
43303
43305
43307
43309
43311
43313
43315
43317
43319
43321
43323
43325
43327
43329
43331
43333
43335
43337
43339
43341
43343
43345
43347
43349
43351
43353
43355
43357
43359
43361
43363
43365
43367
43369
43371
43373
43375
43377
43379
43381
43383
43385
43387
43389
43391
43393
43395
43397
43399
43401
43403
43405
43407
43409
43411
43413
43415
43417
43419
43421
43423
43425
43427
43429
43431
43433
43435
43437
43439
43441
43443
43445
43447
43449
43451
43453
43455
43457
43459
43461
43463
43465
43467
43469
43471
43473
43475
43477
43479
43481
43483
43485
43487
43489
43491
43493
43495
43497
43499
43501
43503
43505
43507
43509
43511
43513
43515
43517
43519
43521
43523
43525
43527
43529
43531
43533
43535
43537
43539
43541
43543
43545
43547
43549
43551
43553
43555
43557
43559
43561
43563
43565
43567
43569
43571
43573
43575
43577
43579
43581
43583
43585
43587
43589
43591
43593
43595
43597
43599
43601
43603
43605
43607
43609
43611
43613
43615
43617
43619
43621
43623
43625
43627
43629
43631
43633
43635
43637
43639
43641
43643
43645
43647
43649
43651
43653
43655
43657
43659
43661
43663
43665
43667
43669
43671
43673
43675
43677
43679
43681
43683
43685
43687
43689
43691
43693
43695
43697
43699
43701
43703
43705
43707
43709
43711
43713
43715
43717
43719
43721
43723
43725
43727
43729
43731
43733
43735
43737
43739
43741
43743
43745
43747
43749
43751
43753
43755
43757
43759
43761
43763
43765
43767
43769
43771
43773
43775
43777
43779
43781
43783
43785
43787
43789
43791
43793
43795
43797
43799
43801
43803
43805
43807
43809
43811
43813
43815
43817
43819
43822
43824
43826
43828
43830
43832
43834
43836
43838
43840
43842
43844
43846
43848
43850
43852
43854
43856
43858
43860
43862
43864
43866
43868
43870
43872
43874
43876
43878
43880
43882
43884
43886
43888
43890
43892
43894
43896
43898
43900
43902
43904
43906
43908
43910
43912
43914
43916
43918
43920
43922
43924
43926
43928
43930
43932
43934
43936
43938
43940
43942
43944
43946
43948
43950
43952
43954
43956
43958
43960
43962
43964
43966
43968
43970
43972
43974
43976
43978
43980
43982
43984
43986
43988
43990
43992
43994
43996
43998
44000
44002
44004
44006
44008
44010
44012
44014
44016
44018
44020
44022
44024
44026
44028
44030
44032
44034
44036
44038
44040
44042
44044
44046
44048
44050
44052
44054
44056
44058
44060
44062
44064
44066
44068
44070
44072
44074
44076
44078
44080
44082
44084
44086
44088
44090
44092
44094
44096
44098
44100
44102
44104
44106
44108
44110
44112
44114
44116
44118
44120
44122
44124
44126
44128
44130
44132
44134
44136
44138
44140
44142
44144
44146
44148
44150
44152
44154
44156
44158
44160
44162
44164
44166
44168
44170
44172
44174
44176
44178
44180
44182
44184
44186
44188
44190
44192
44194
44196
44198
44200
44202
44204
44206
44208
44210
44212
44214
44216
44217
44219
44221
44223
44225
44227
44229
44231
44233
44235
44237
44239
44241
44243
44245
44247
44249
44251
44253
44255
44257
44259
44261
44263
44265
44267
44269
44271
44273
44275
44277
44279
44281
44283
44285
44287
44289
44291
44293
44295
44297
44299
44301
44303
44305
44307
44309
44311
44313
44315
44317
44319
44321
44323
44325
44327
44329
44331
44333
44335
44337
44339
44341
44343
44345
44347
44349
44351
44353
44355
44357
44359
44361
44363
44365
44367
44369
44371
44373
44375
44377
44379
44381
44383
44385
44387
44389
44391
44393
44395
44397
44399
44401
44403
44405
44407
44409
44411
44413
44415
44417
44419
44421
44423
44425
44427
44429
44431
44433
44435
44437
44439
44441
44443
44445
44447
44449
44451
44453
44455
44457
44459
44461
44463
44465
44467
44469
44471
44473
44475
44477
44479
44481
44483
44485
44487
44489
44491
44493
44495
44497
44499
44501
44503
44505
44507
44509
44511
44513
44515
44517
44519
44521
44523
44525
44527
44529
44531
44533
44535
44537
44539
44541
44543
44545
44547
44549
44551
44553
44555
44557
44559
44561
44563
44565
44567
44569
44571
44573
44575
44577
44579
44581
44583
44585
44587
44589
44591
44593
44595
44597
44599
44601
44603
44605
44607
44609
44611
44613
44615
44617
44619
44621
44623
44625
44627
44629
44631
44633
44635
44637
44639
44641
44643
44645
44647
44649
44651
44653
44655
44657
44659
44661
44663
44665
44667
44669
44671
44673
44675
44677
44679
44681
44683
44685
44687
44689
44691
44693
44695
44697
44699
44701
44703
44705
44707
44709
44711
44713
44715
44717
44719
44721
44723
44725
44727
44729
44731
44733
44735
44737
44739
44741
44743
44745
44747
44749
44751
44753
44755
44757
44759
44761
44763
44765
44767
44769
44771
44773
44775
44777
44779
44781
44783
44785
44787
44789
44791
44793
44795
44797
44799
44801
44803
44805
44807
44809
44811
44813
44815
44817
44819
44821
44823
44825
44827
44829
44831
44833
44835
44837
44839
44841
44843
44845
44847
44849
44851
44852
44854
44856
44858
44860
44862
44864
44866
44868
44870
44872
44874
44876
44878
44880
44882
44884
44886
44888
44890
44892
44894
44896
44898
44900
44902
44904
44906
44908
44910
44912
44914
44916
44918
44920
44922
44924
44926
44928
44930
44932
44934
44936
44938
44940
44942
44944
44946
44948
44950
44952
44954
44956
44958
44960
44962
44964
44966
44968
44970
44972
44974
44976
44978
44980
44982
44984
44986
44988
44990
44992
44994
44996
44998
45000
45002
45004
45006
45008
45010
45012
45014
45016
45018
45020
45022
45024
45026
45028
45030
45032
45034
45036
45038
45040
45042
45044
45046
45048
45050
45052
45054
45056
45058
45060
45062
45064
45066
45068
45070
45072
45074
45076
45078
45080
45082
45084
45087
45089
45091
45093
45095
45097
45099
45101
45103
45105
45107
45109
45111
45113
45115
45117
45119
45121
45123
45125
45127
45129
45131
45133
45135
45137
45139
45141
45143
45145
45147
45149
45151
45153
45155
45157
45159
45161
45163
45165
45167
45169
45171
45173
45175
45177
45179
45181
45183
45185
45187
45189
45191
45193
45195
45197
45199
45201
45203
45205
45207
45209
45211
45213
45215
45217
45219
45221
45223
45225
45227
45229
45231
45233
45235
45237
45239
45241
45243
45245
45247
45249
45251
45253
45255
45257
45259
45261
45263
45265
45267
45269
45271
45273
45275
45277
45279
45281
45283
45285
45287
45289
45291
45293
45295
45297
45299
45301
45303
45305
45307
45309
45311
45313
45315
45317
45319
45321
45323
45325
45327
45329
45331
45333
45335
45337
45339
45341
45343
45345
45347
45349
45351
45353
45355
45357
45359
45361
45363
45365
45367
45369
45371
45373
45375
45377
45379
45381
45383
45385
45387
45389
45391
45393
45395
45397
45399
45401
45403
45405
45407
45409
45411
45413
45415
45417
45419
45421
45423
45425
45427
45429
45431
45433
45435
45437
45439
45441
45443
45445
45447
45449
45451
45453
45455
45457
45459
45461
45463
45465
45467
45469
45471
45473
45475
45477
45479
45481
45483
45485
45487
45489
45491
45493
45495
45497
45499
45501
45503
45505
45507
45509
45511
45513
45515
45517
45519
45521
45523
45525
45527
45529
45531
45533
45535
45537
45539
45541
45543
45545
45547
45549
45551
45553
45555
45557
45559
45561
45563
45565
45567
45569
45571
45573
45575
45577
45579
45581
45583
45585
45587
45589
45591
45593
45595
45597
45599
45601
45603
45605
45607
45609
45611
45613
45615
45617
45619
45621
45623
45625
45627
45629
45631
45633
45635
45637
45639
45641
45643
45645
45647
45649
45651
45653
45655
45657
45659
45661
45663
45665
45667
45669
45671
45673
45675
45677
45679
45681
45683
45685
45687
45689
45691
45693
45695
45697
45699
45701
45703
45705
45707
45709
45711
45713
45715
45717
45719
45722
45724
45726
45728
45730
45732
45734
45736
45738
45740
45742
45744
45746
45748
45750
45752
45754
45756
45758
45760
45762
45764
45766
45768
45770
45772
45774
45776
45778
45780
45782
45784
45786
45788
45790
45792
45794
45796
45798
45800
45802
45804
45806
45808
45810
45812
45814
45816
45818
45820
45822
45824
45826
45828
45830
45832
45834
45836
45838
45840
45842
45844
45846
45848
45850
45852
45854
45856
45858
45860
45862
45864
45866
45868
45870
45872
45874
45876
45878
45880
45882
45884
45886
45888
45890
45892
45894
45896
45898
45900
45902
45904
45906
45908
45910
45912
45914
45916
45918
45920
45922
45924
45926
45928
45930
45932
45934
45936
45938
45940
45942
45944
45946
45948
45950
45952
45954
45956
45958
45960
45962
45964
45966
45968
45970
45972
45974
45976
45978
45980
45982
45984
45986
45988
45990
45992
45994
45996
45998
46000
46002
46004
46006
46008
46010
46012
46014
46016
46018
46020
46022
46024
46026
46028
46030
46032
46034
46036
46038
46040
46042
46044
46046
46048
46050
46052
46054
46056
46058
46060
46062
46064
46066
46068
46070
46072
46074
46076
46078
46080
46082
46084
46086
46088
46090
46092
46094
46096
46098
46100
46102
46104
46106
46108
46110
46112
46114
46116
46117
46119
46121
46123
46125
46127
46129
46131
46133
46135
46137
46139
46141
46143
46145
46147
46149
46151
46153
46155
46157
46159
46161
46163
46165
46167
46169
46171
46173
46175
46177
46179
46181
46183
46185
46187
46189
46191
46193
46195
46197
46199
46201
46203
46205
46207
46209
46211
46213
46215
46217
46219
46221
46223
46225
46227
46229
46231
46233
46235
46237
46239
46241
46243
46245
46247
46249
46251
46253
46255
46257
46259
46261
46263
46265
46267
46269
46271
46273
46275
46277
46279
46281
46283
46285
46287
46289
46291
46293
46295
46297
46299
46301
46303
46305
46307
46309
46311
46313
46315
46317
46319
46321
46323
46325
46327
46329
46331
46333
46335
46337
46339
46341
46343
46345
46347
46349
46351
46353
46356
46358
46360
46362
46364
46366
46368
46370
46372
46374
46376
46378
46380
46382
46384
46386
46388
46390
46392
46394
46396
46398
46400
46402
46404
46406
46408
46410
46412
46414
46416
46418
46420
46422
46424
46426
46428
46430
46432
46434
46436
46438
46440
46442
46444
46446
46448
46450
46452
46454
46456
46458
46460
46462
46464
46466
46468
46470
46472
46474
46476
46478
46480
46482
46484
46486
46488
46490
46492
46494
46496
46498
46500
46502
46504
46506
46508
46510
46512
46514
46516
46518
46520
46522
46524
46526
46528
46530
46532
46534
46536
46538
46540
46542
46544
46546
46548
46550
46552
46554
46556
46558
46560
46562
46564
46566
46568
46570
46572
46574
46576
46578
46580
46582
46584
46586
46588
46590
46592
46594
46596
46598
46600
46602
46604
46606
46608
46610
46612
46614
46616
46618
46620
46622
46624
46626
46628
46630
46632
46634
46636
46638
46640
46642
46644
46646
46648
46650
46652
46654
46656
46658
46660
46662
46664
46666
46668
46670
46672
46674
46676
46678
46680
46682
46684
46686
46688
46690
46692
46694
46696
46698
46700
46702
46704
46706
46708
46710
46712
46714
46716
46718
46720
46722
46724
46726
46728
46730
46732
46734
46736
46738
46740
46742
46744
46746
46748
46750
46751
46753
46755
46757
46759
46761
46763
46765
46767
46769
46771
46773
46775
46777
46779
46781
46783
46785
46787
46789
46791
46793
46795
46797
46799
46801
46803
46805
46807
46809
46811
46813
46815
46817
46819
46821
46823
46825
46827
46829
46831
46833
46835
46837
46839
46841
46843
46845
46847
46849
46851
46853
46855
46857
46859
46861
46863
46865
46867
46869
46871
46873
46875
46877
46879
46881
46883
46885
46887
46889
46891
46893
46895
46897
46899
46901
46903
46905
46907
46909
46911
46913
46915
46917
46919
46921
46923
46925
46927
46929
46931
46933
46935
46937
46939
46941
46943
46945
46947
46949
46951
46953
46955
46957
46959
46961
46963
46965
46967
46969
46971
46973
46975
46977
46979
46981
46983
46985
46987
46989
46991
46993
46995
46997
46999
47001
47003
47005
47007
47009
47011
47013
47015
47017
47019
47021
47023
47025
47027
47029
47031
47033
47035
47037
47039
47041
47043
47045
47047
47049
47051
47053
47055
47057
47059
47061
47063
47065
47067
47069
47071
47073
47075
47077
47079
47081
47083
47085
47087
47089
47091
47093
47095
47097
47099
47101
47103
47105
47107
47109
47111
47113
47115
47117
47119
47121
47123
47125
47127
47129
47131
47133
47135
47137
47139
47141
47143
47145
47147
47149
47151
47153
47155
47157
47159
47161
47163
47165
47167
47169
47171
47173
47175
47177
47179
47181
47183
47185
47187
47189
47191
47193
47195
47197
47199
47201
47203
47205
47207
47209
47211
47213
47215
47217
47219
47221
47223
47225
47227
47229
47231
47233
47235
47237
47239
47241
47243
47245
47247
47249
47251
47253
47255
47257
47259
47261
47263
47265
47267
47269
47271
47273
47275
47277
47279
47281
47283
47285
47287
47289
47291
47293
47295
47297
47299
47301
47303
47305
47307
47309
47311
47313
47315
47317
47319
47321
47323
47325
47327
47329
47331
47333
47335
47337
47339
47341
47343
47345
47347
47349
47351
47353
47355
47357
47359
47361
47363
47365
47367
47369
47371
47373
47375
47377
47379
47381
47383
47385
47386
47388
47390
47392
47394
47396
47398
47400
47402
47404
47406
47408
47410
47412
47414
47416
47418
47420
47422
47424
47426
47428
47430
47432
47434
47436
47438
47440
47442
47444
47446
47448
47450
47452
47454
47456
47458
47460
47462
47464
47466
47468
47470
47472
47474
47476
47478
47480
47482
47484
47486
47488
47490
47492
47494
47496
47498
47500
47502
47504
47506
47508
47510
47512
47514
47516
47518
47520
47522
47524
47526
47528
47530
47532
47534
47536
47538
47540
47542
47544
47546
47548
47550
47552
47554
47556
47558
47560
47562
47564
47566
47568
47570
47572
47574
47576
47578
47580
47582
47584
47586
47588
47590
47592
47594
47596
47598
47600
47602
47604
47606
47608
47610
47612
47614
47616
47618
47621
47623
47625
47627
47629
47631
47632
47634
47636
47638
47640
47642
47644
47646
47648
47650
47652
47654
47656
47658
47660
47662
47664
47666
47668
47670
47672
47674
47676
47678
47680
47682
47684
47686
47688
47690
47692
47694
47696
47698
47700
47702
47704
47706
47708
47710
47712
47714
47716
47718
47720
47722
47724
47726
47728
47730
47732
47734
47736
47738
47740
47742
47744
47746
47748
47750
47752
47754
47756
47758
47760
47762
47764
47766
47768
47770
47772
47774
47776
47778
47780
47782
47784
47786
47788
47790
47792
47794
47796
47798
47800
47802
47804
47806
47808
47810
47812
47814
47816
47818
47820
47822
47824
47826
47828
47830
47832
47834
47836
47838
47840
47842
47844
47846
47848
47850
47852
47854
47856
47858
47860
47862
47864
47866
47868
47870
47872
47874
47876
47878
47880
47882
47884
47886
47888
47890
47892
47894
47896
47898
47900
47902
47904
47906
47908
47910
47912
47914
47916
47918
47920
47922
47924
47926
47928
47930
47932
47934
47936
47938
47940
47942
47944
47946
47948
47950
47952
47954
47956
47958
47960
47962
47964
47966
47968
47970
47972
47974
47976
47978
47980
47982
47984
47986
47988
47990
47992
47994
47996
47998
48000
48002
48004
48006
48008
48010
48012
48014
48016
48018
48020
48022
48024
48026
48028
48030
48032
48034
48036
48038
48040
48042
48044
48046
48048
48050
48052
48054
48056
48058
48060
48062
48064
48066
48068
48070
48072
48074
48076
48078
48080
48082
48084
48086
48088
48090
48092
48094
48096
48098
48100
48102
48104
48106
48108
48110
48112
48114
48116
48118
48120
48122
48124
48126
48128
48130
48132
48134
48136
48138
48140
48142
48144
48146
48148
48150
48152
48154
48156
48158
48160
48162
48164
48166
48168
48170
48172
48174
48176
48178
48180
48182
48184
48186
48188
48190
48192
48194
48196
48198
48200
48202
48204
48206
48208
48210
48212
48214
48216
48218
48220
48222
48224
48226
48228
48230
48232
48234
48236
48238
48240
48242
48244
48246
48248
48250
48252
48255
48257
48259
48261
48263
48265
48267
48269
48271
48273
48275
48277
48279
48281
48283
48285
48287
48289
48291
48293
48295
48297
48299
48301
48303
48305
48307
48309
48311
48313
48315
48317
48319
48321
48323
48325
48327
48329
48331
48333
48335
48337
48339
48341
48343
48345
48347
48349
48351
48353
48355
48357
48359
48361
48363
48365
48367
48369
48371
48373
48375
48377
48379
48381
48383
48385
48387
48389
48391
48393
48395
48397
48399
48401
48403
48405
48407
48409
48411
48413
48415
48417
48419
48421
48423
48425
48427
48429
48431
48433
48435
48437
48439
48441
48443
48445
48447
48449
48451
48453
48455
48457
48459
48461
48463
48465
48467
48469
48471
48473
48475
48477
48479
48481
48483
48485
48487
48489
48491
48493
48495
48497
48499
48501
48503
48505
48507
48509
48511
48513
48515
48517
48519
48521
48523
48525
48527
48529
48531
48533
48535
48537
48539
48541
48543
48545
48547
48549
48551
48553
48555
48557
48559
48561
48563
48565
48567
48569
48571
48573
48575
48577
48579
48581
48583
48585
48587
48589
48591
48593
48595
48597
48599
48601
48603
48605
48607
48609
48611
48613
48615
48617
48619
48621
48623
48625
48627
48629
48631
48633
48635
48637
48639
48641
48643
48645
48647
48649
48651
48652
48654
48656
48658
48660
48662
48664
48666
48668
48670
48672
48674
48676
48678
48680
48682
48684
48686
48688
48690
48692
48694
48696
48698
48700
48702
48704
48706
48708
48710
48712
48714
48716
48718
48720
48722
48724
48726
48728
48730
48732
48734
48736
48738
48740
48742
48744
48746
48748
48750
48752
48754
48756
48758
48760
48762
48764
48766
48768
48770
48772
48774
48776
48778
48780
48782
48784
48786
48788
48790
48792
48794
48796
48798
48800
48802
48804
48806
48808
48810
48812
48814
48816
48818
48820
48822
48824
48826
48828
48830
48832
48834
48836
48838
48840
48842
48844
48846
48848
48850
48852
48854
48856
48858
48860
48862
48864
48866
48868
48870
48872
48874
48876
48878
48880
48882
48884
48886
48888
48890
48892
48894
48896
48898
48900
48902
48904
48906
48908
48910
48912
48914
48916
48918
48920
48922
48924
48926
48928
48930
48932
48934
48936
48938
48940
48942
48944
48946
48948
48950
48952
48954
48956
48958
48960
48962
48964
48966
48968
48970
48972
48974
48976
48978
48980
48982
48984
48986
48988
48990
48992
48994
48996
48998
49000
49002
49004
49006
49008
49010
49011
49012
49014
49016
49018
49020
49022
49024
49026
49028
49030
49032
49034
49036
49038
49040
49042
49044
49046
49048
49050
49052
49054
49056
49058
49060
49062
49064
49066
49068
49070
49072
49074
49076
49078
49080
49082
49084
49086
49088
49090
49092
49094
49096
49098
49100
49102
49104
49106
49108
49110
49112
49114
49116
49118
49120
49122
49124
49126
49128
49130
49132
49134
49136
49138
49140
49142
49144
49146
49148
49150
49152
49154
49156
49158
49160
49162
49164
49166
49168
49170
49172
49174
49176
49178
49180
49182
49184
49186
49188
49190
49192
49194
49196
49198
49200
49202
49204
49206
49208
49210
49212
49214
49216
49218
49220
49222
49224
49226
49228
49230
49232
49234
49236
49238
49240
49242
49244
49246
49248
49250
49252
49254
49256
49258
49260
49262
49264
49266
49268
49270
49272
49274
49276
49278
49280
49282
49284
49286
49287
49289
49291
49293
49295
49297
49299
49301
49303
49305
49307
49309
49311
49313
49315
49317
49319
49321
49323
49325
49327
49329
49331
49333
49335
49337
49339
49341
49343
49345
49347
49349
49351
49353
49355
49357
49359
49361
49363
49365
49367
49369
49371
49373
49375
49377
49379
49381
49383
49385
49387
49389
49391
49393
49395
49397
49399
49401
49403
49405
49407
49409
49411
49413
49415
49417
49419
49421
49423
49425
49427
49429
49431
49433
49435
49437
49439
49441
49443
49445
49447
49449
49451
49453
49455
49457
49459
49461
49463
49465
49467
49469
49471
49473
49475
49477
49479
49481
49483
49485
49487
49489
49491
49493
49495
49497
49499
49501
49503
49505
49507
49509
49511
49513
49515
49517
49520
49522
49524
49526
49528
49530
49532
49534
49536
49538
49540
49542
49544
49546
49548
49550
49552
49554
49556
49558
49560
49562
49564
49566
49568
49570
49572
49574
49576
49578
49580
49582
49584
49586
49588
49590
49592
49594
49596
49598
49600
49602
49604
49606
49608
49610
49612
49614
49616
49618
49620
49622
49624
49626
49628
49630
49632
49634
49636
49638
49640
49642
49644
49646
49648
49650
49652
49654
49656
49658
49660
49662
49664
49666
49668
49670
49672
49674
49676
49678
49680
49682
49684
49686
49688
49690
49692
49694
49696
49698
49700
49702
49704
49706
49708
49710
49712
49714
49716
49718
49720
49722
49724
49726
49728
49730
49732
49734
49736
49738
49740
49742
49744
49746
49748
49750
49752
49754
49756
49758
49760
49762
49764
49766
49768
49770
49772
49774
49776
49778
49780
49782
49784
49786
49788
49790
49792
49794
49796
49798
49800
49802
49804
49806
49808
49810
49812
49814
49816
49818
49820
49822
49824
49826
49828
49830
49832
49834
49836
49838
49840
49842
49844
49846
49848
49850
49852
49854
49856
49858
49860
49862
49864
49866
49868
49870
49872
49874
49876
49878
49880
49882
49884
49886
49888
49890
49892
49894
49896
49898
49900
49902
49904
49906
49908
49910
49912
49914
49916
49918
49920
49921
49923
49925
49927
49929
49931
49933
49935
49937
49939
49941
49943
49945
49947
49949
49951
49953
49955
49957
49959
49961
49963
49965
49967
49969
49971
49973
49975
49977
49979
49981
49983
49985
49987
49989
49991
49993
49995
49997
49999
50001
50003
50005
50007
50009
50011
50013
50015
50017
50019
50021
50023
50025
50027
50029
50031
50033
50035
50037
50039
50041
50043
50045
50047
50049
50051
50053
50055
50057
50059
50061
50063
50065
50067
50069
50071
50073
50075
50077
50079
50081
50083
50085
50087
50089
50091
50093
50095
50097
50099
50101
50103
50105
50107
50109
50111
50113
50115
50117
50119
50121
50123
50125
50127
50129
50131
50133
50135
50137
50139
50141
50143
50145
50147
50149
50151
50154
50156
50158
50160
50162
50164
50166
50168
50170
50172
50174
50176
50178
50180
50182
50184
50186
50188
50190
50192
50194
50196
50198
50200
50202
50204
50206
50208
50210
50212
50214
50216
50218
50220
50222
50224
50226
50228
50230
50232
50234
50236
50238
50240
50242
50244
50246
50248
50250
50252
50254
50256
50258
50260
50262
50264
50266
50268
50270
50272
50274
50276
50278
50280
50282
50284
50286
50288
50290
50292
50294
50296
50298
50300
50302
50304
50306
50308
50310
50312
50314
50316
50318
50320
50322
50324
50326
50328
50330
50332
50334
50336
50338
50340
50342
50344
50346
50348
50350
50352
50354
50356
50358
50360
50362
50364
50366
50368
50370
50372
50374
50376
50378
50380
50382
50384
50386
50388
50390
50392
50394
50396
50398
50400
50402
50404
50406
50408
50410
50412
50414
50416
50418
50420
50422
50424
50426
50428
50430
50432
50434
50436
50438
50440
50442
50444
50446
50448
50450
50452
50454
50456
50458
50460
50462
50464
50466
50468
50470
50472
50474
50476
50478
50480
50482
50484
50486
50488
50490
50492
50494
50496
50498
50500
50502
50504
50506
50508
50510
50512
50514
50516
50518
50520
50522
50524
50526
50528
50530
50532
50534
50536
50538
50540
50542
50544
50546
50548
50550
50552
50554
50556
50558
50560
50562
50564
50566
50568
50570
50572
50574
50576
50578
50580
50582
50584
50586
50588
50590
50592
50594
50596
50598
50600
50602
50604
50606
50608
50610
50612
50614
50616
50618
50620
50622
50624
50626
50628
50630
50632
50634
50636
50638
50640
50642
50644
50646
50648
50650
50652
50654
50656
50658
50660
50662
50664
50666
50668
50670
50672
50674
50676
50678
50680
50682
50684
50686
50688
50690
50692
50694
50696
50698
50700
50702
50704
50706
50708
50710
50712
50714
50716
50718
50720
50722
50724
50726
50728
50730
50732
50734
50736
50738
50740
50742
50744
50746
50748
50750
50752
50754
50756
50758
50760
50762
50764
50766
50768
50770
50772
50774
50776
50778
50780
50782
50784
50786
50788
50790
50792
50794
50796
50798
50800
50802
50804
50806
50808
50810
50812
50814
50816
50818
50820
50822
50824
50826
50828
50830
50832
50834
50836
50838
50840
50842
50844
50846
50848
50850
50852
50854
50856
50858
50860
50862
50864
50866
50868
50870
50872
50874
50876
50878
50880
50882
50884
50886
50888
50890
50892
50894
50896
50898
50900
50902
50904
50906
50908
50910
50912
50914
50916
50918
50920
50922
50924
50926
50928
50930
50932
50934
50936
50938
50940
50942
50944
50946
50948
50950
50952
50954
50956
50958
50960
50962
50964
50966
50968
50970
50972
50974
50976
50978
50980
50982
50984
50986
50988
50990
50992
50994
50996
50998
51000
51002
51004
51006
51008
51010
51012
51014
51016
51018
51020
51022
51024
51026
51028
51030
51032
51034
51036
51038
51040
51042
51044
51046
51048
51050
51052
51054
51056
51058
51060
51062
51064
51066
51068
51070
51072
51074
51076
51078
51080
51082
51084
51086
51088
51090
51092
51094
51096
51098
51100
51102
51104
51106
51108
51110
51112
51114
51116
51118
51120
51122
51124
51126
51128
51130
51132
51134
51136
51138
51140
51142
51144
51146
51148
51150
51152
51154
51156
51158
51160
51162
51164
51166
51168
51170
51172
51174
51176
51178
51180
51182
51184
51186
51187
51189
51191
51193
51195
51197
51199
51201
51203
51205
51207
51209
51211
51213
51215
51217
51219
51221
51223
51225
51227
51229
51231
51233
51235
51237
51239
51241
51243
51245
51247
51249
51251
51253
51255
51257
51259
51261
51263
51265
51267
51269
51271
51273
51275
51277
51279
51281
51283
51285
51287
51289
51291
51293
51295
51297
51299
51301
51303
51305
51307
51309
51311
51313
51315
51317
51319
51321
51323
51325
51327
51329
51331
51333
51335
51337
51339
51341
51343
51345
51347
51349
51351
51353
51355
51357
51359
51361
51363
51365
51367
51369
51371
51373
51375
51377
51379
51381
51383
51385
51387
51389
51391
51393
51395
51397
51399
51401
51403
51405
51407
51409
51411
51413
51415
51417
51420
51422
51424
51426
51428
51430
51432
51434
51436
51438
51440
51442
51444
51446
51448
51450
51452
51454
51456
51458
51460
51462
51464
51466
51468
51470
51472
51474
51476
51478
51480
51482
51484
51486
51488
51490
51492
51494
51496
51498
51500
51502
51504
51506
51508
51510
51512
51514
51516
51518
51520
51522
51524
51526
51528
51530
51532
51534
51536
51538
51540
51542
51544
51546
51548
51550
51552
51554
51556
51558
51560
51562
51564
51566
51568
51570
51572
51574
51576
51578
51580
51582
51584
51586
51588
51590
51592
51594
51596
51598
51600
51602
51604
51606
51608
51610
51612
51614
51616
51618
51620
51622
51624
51626
51628
51630
51632
51634
51636
51638
51640
51642
51644
51646
51648
51650
51652
51654
51656
51658
51660
51662
51664
51666
51668
51670
51672
51674
51676
51678
51680
51682
51684
51686
51688
51690
51692
51694
51696
51698
51700
51702
51704
51706
51708
51710
51712
51714
51716
51718
51720
51722
51724
51726
51728
51730
51732
51734
51736
51738
51740
51742
51744
51746
51748
51750
51752
51754
51756
51758
51760
51762
51764
51766
51768
51770
51772
51774
51776
51778
51780
51782
51784
51786
51788
51790
51792
51794
51796
51798
51800
51802
51804
51806
51808
51810
51812
51814
51816
51818
51820
51821
51823
51825
51827
51829
51831
51833
51835
51837
51839
51841
51843
51845
51847
51849
51851
51853
51855
51857
51859
51861
51863
51865
51867
51869
51871
51873
51875
51877
51879
51881
51883
51885
51887
51889
51891
51893
51895
51897
51899
51901
51903
51905
51907
51909
51911
51913
51915
51917
51919
51921
51923
51925
51927
51929
51931
51933
51935
51937
51939
51941
51943
51945
51947
51949
51951
51953
51955
51957
51959
51961
51963
51965
51967
51969
51971
51973
51975
51977
51979
51981
51983
51985
51987
51989
51991
51993
51995
51997
51999
52001
52003
52005
52007
52009
52011
52013
52015
52017
52019
52021
52023
52025
52027
52029
52031
52033
52035
52037
52039
52041
52043
52045
52047
52049
52051
52054
52056
52058
52060
52062
52064
52066
52068
52070
52072
52074
52076
52078
52080
52082
52084
52086
52088
52090
52092
52094
52096
52098
52100
52102
52104
52106
52108
52110
52112
52114
52116
52118
52120
52122
52124
52126
52128
52130
52132
52134
52136
52138
52140
52142
52144
52146
52148
52150
52152
52154
52156
52158
52160
52162
52164
52166
52168
52170
52172
52174
52176
52178
52180
52182
52184
52186
52188
52190
52192
52194
52196
52198
52200
52202
52204
52206
52208
52210
52212
52214
52216
52218
52220
52222
52224
52226
52228
52230
52232
52234
52236
52238
52240
52242
52244
52246
52248
52250
52252
52254
52256
52258
52260
52262
52264
52266
52268
52270
52272
52274
52276
52278
52280
52282
52284
52286
52288
52290
52292
52294
52296
52298
52300
52302
52304
52306
52308
52310
52312
52314
52316
52318
52320
52322
52324
52326
52328
52330
52332
52334
52336
52338
52340
52342
52344
52346
52348
52350
52352
52354
52356
52358
52360
52362
52364
52366
52368
52370
52372
52374
52376
52378
52380
52382
52384
52386
52388
52390
52392
52394
52396
52398
52400
52402
52404
52406
52408
52410
52412
52414
52416
52418
52420
52422
52424
52426
52428
52430
52432
52434
52436
52438
52440
52442
52444
52446
52448
52450
52452
52454
52456
52458
52460
52462
52464
52466
52468
52470
52472
52474
52476
52478
52480
52482
52484
52486
52488
52490
52492
52494
52496
52498
52500
52502
52504
52506
52508
52510
52512
52514
52516
52518
52520
52522
52524
52526
52528
52530
52532
52534
52536
52538
52540
52542
52544
52546
52548
52550
52552
52554
52556
52558
52560
52562
52564
52566
52568
52570
52572
52574
52576
52578
52580
52582
52584
52586
52588
52590
52592
52594
52596
52598
52600
52602
52604
52606
52608
52610
52612
52614
52616
52618
52620
52622
52624
52626
52628
52630
52632
52634
52636
52638
52640
52642
52644
52646
52648
52650
52652
52654
52656
52658
52660
52662
52664
52666
52668
52670
52672
52674
52676
52678
52680
52682
52684
52686
52688
52690
52692
52694
52696
52698
52700
52702
52704
52706
52708
52710
52712
52714
52716
52718
52720
52722
52724
52726
52728
52730
52732
52734
52736
52738
52740
52742
52744
52746
52748
52750
52752
52754
52756
52758
52760
52762
52764
52766
52768
52770
52772
52774
52776
52778
52780
52782
52784
52786
52788
52790
52792
52794
52796
52798
52800
52802
52804
52806
52808
52810
52812
52814
52816
52818
52820
52822
52824
52826
52828
52830
52832
52834
52836
52838
52840
52842
52844
52846
52848
52850
52852
52854
52856
52858
52860
52862
52864
52866
52868
52870
52872
52874
52876
52878
52880
52882
52884
52886
52888
52890
52892
52894
52896
52898
52900
52902
52904
52906
52908
52910
52912
52914
52916
52918
52920
52922
52924
52926
52928
52930
52932
52934
52936
52938
52940
52942
52944
52946
52948
52950
52952
52954
52956
52958
52960
52962
52964
52966
52968
52970
52972
52974
52976
52978
52980
52982
52984
52986
52988
52990
52992
52994
52996
52998
53000
53002
53004
53006
53008
53010
53012
53014
53016
53018
53020
53022
53024
53026
53028
53030
53032
53034
53036
53038
53040
53042
53044
53046
53048
53050
53052
53054
53056
53058
53060
53062
53064
53066
53068
53070
53072
53074
53076
53078
53080
53082
53084
53086
53087
53089
53091
53093
53095
53097
53099
53101
53103
53105
53107
53109
53111
53113
53115
53117
53119
53121
53123
53125
53127
53129
53131
53133
53135
53137
53139
53141
53143
53145
53147
53149
53151
53153
53155
53157
53159
53161
53163
53165
53167
53169
53171
53173
53175
53177
53179
53181
53183
53185
53187
53189
53191
53193
53195
53197
53199
53201
53203
53205
53207
53209
53211
53213
53215
53217
53219
53221
53223
53225
53227
53229
53231
53233
53235
53237
53239
53241
53243
53245
53247
53249
53251
53253
53255
53257
53259
53261
53263
53265
53267
53269
53271
53273
53275
53277
53279
53281
53283
53285
53287
53289
53291
53293
53295
53297
53299
53301
53303
53305
53307
53309
53311
53313
53315
53317
53320
53322
53324
53326
53328
53330
53332
53334
53336
53338
53340
53342
53344
53346
53348
53350
53352
53354
53356
53358
53360
53362
53364
53366
53368
53370
53372
53374
53376
53378
53380
53382
53384
53386
53388
53390
53392
53394
53396
53398
53400
53402
53404
53406
53408
53410
53412
53414
53416
53418
53420
53422
53424
53426
53428
53430
53432
53434
53436
53438
53440
53442
53444
53446
53448
53450
53452
53454
53456
53458
53460
53462
53464
53466
53468
53470
53472
53474
53476
53478
53480
53482
53484
53486
53488
53490
53492
53494
53496
53498
53500
53502
53504
53506
53508
53510
53512
53514
53516
53518
53520
53522
53524
53526
53528
53530
53532
53534
53536
53538
53540
53542
53544
53546
53548
53550
53552
53554
53556
53558
53560
53562
53564
53566
53568
53570
53572
53574
53576
53578
53580
53582
53584
53586
53588
53590
53592
53594
53596
53598
53600
53602
53604
53606
53608
53610
53612
53614
53616
53618
53620
53622
53624
53626
53628
53630
53632
53634
53636
53638
53640
53642
53644
53646
53648
53650
53652
53654
53656
53658
53660
53662
53664
53666
53668
53670
53672
53674
53676
53678
53680
53682
53684
53686
53688
53690
53692
53694
53696
53698
53700
53702
53704
53706
53708
53710
53712
53714
53716
53718
53720
53721
53723
53725
53727
53729
53731
53733
53735
53737
53739
53741
53743
53745
53747
53749
53751
53753
53755
53757
53759
53761
53763
53765
53767
53769
53771
53773
53775
53777
53779
53781
53783
53785
53787
53789
53791
53793
53795
53797
53799
53801
53803
53805
53807
53809
53811
53813
53815
53817
53819
53821
53823
53825
53827
53829
53831
53833
53835
53837
53839
53841
53843
53845
53847
53849
53851
53853
53855
53857
53859
53861
53863
53865
53867
53869
53871
53873
53875
53877
53879
53881
53883
53885
53887
53889
53891
53893
53895
53897
53899
53901
53903
53905
53907
53909
53911
53913
53915
53917
53919
53921
53923
53925
53927
53929
53931
53933
53935
53937
53939
53941
53943
53945
53947
53949
53951
53954
53956
53958
53960
53962
53964
53966
53968
53970
53972
53974
53976
53978
53980
53982
53984
53986
53988
53990
53992
53994
53996
53998
54000
54002
54004
54006
54008
54010
54012
54014
54016
54018
54020
54022
54024
54026
54028
54030
54032
54034
54036
54038
54040
54042
54044
54046
54048
54050
54052
54054
54056
54058
54060
54062
54064
54066
54068
54070
54072
54074
54076
54078
54080
54082
54084
54086
54088
54090
54092
54094
54096
54098
54100
54102
54104
54106
54108
54110
54112
54114
54116
54118
54120
54122
54124
54126
54128
54130
54132
54134
54136
54138
54140
54142
54144
54146
54148
54150
54152
54154
54156
54158
54160
54162
54164
54166
54168
54170
54172
54174
54176
54178
54180
54182
54184
54186
54188
54190
54192
54194
54196
54198
54200
54202
54204
54206
54208
54210
54212
54214
54216
54218
54220
54222
54224
54226
54228
54230
54232
54234
54236
54238
54240
54242
54244
54246
54248
54250
54252
54254
54256
54258
54260
54262
54264
54266
54268
54270
54272
54274
54276
54278
54280
54282
54284
54286
54288
54290
54292
54294
54296
54298
54300
54302
54304
54306
54308
54310
54312
54314
54316
54318
54320
54322
54324
54326
54328
54330
54332
54334
54336
54338
54340
54342
54344
54346
54348
54350
54352
54354
54355
54357
54359
54361
54363
54365
54367
54369
54371
54373
54375
54377
54379
54381
54383
54385
54387
54389
54391
54393
54395
54397
54399
54401
54403
54405
54407
54409
54411
54413
54415
54417
54419
54421
54423
54425
54427
54429
54431
54433
54435
54437
54439
54441
54443
54445
54447
54449
54451
54453
54455
54457
54459
54461
54463
54465
54467
54469
54471
54473
54475
54477
54479
54481
54483
54485
54487
54489
54491
54493
54495
54497
54499
54501
54503
54505
54507
54509
54511
54513
54515
54517
54519
54521
54523
54525
54527
54529
54531
54533
54535
54537
54539
54541
54543
54545
54547
54549
54551
54553
54555
54557
54559
54561
54563
54565
54567
54569
54571
54573
54575
54577
54579
54581
54583
54585
54587
54589
54591
54593
54595
54597
54599
54601
54603
54605
54607
54609
54611
54613
54615
54617
54619
54621
54623
54625
54627
54629
54631
54633
54635
54637
54639
54641
54643
54645
54647
54649
54651
54653
54655
54657
54659
54661
54663
54665
54667
54669
54671
54673
54675
54677
54679
54681
54683
54685
54687
54689
54691
54693
54695
54697
54699
54701
54703
54705
54707
54709
54711
54713
54715
54717
54719
54721
54723
54725
54727
54729
54731
54733
54735
54737
54739
54741
54743
54745
54747
54749
54751
54753
54755
54757
54759
54761
54763
54765
54767
54769
54771
54773
54775
54777
54779
54781
54783
54785
54787
54789
54791
54793
54795
54797
54799
54801
54803
54805
54807
54809
54811
54813
54815
54817
54819
54821
54823
54825
54827
54829
54831
54833
54835
54837
54839
54841
54843
54845
54847
54849
54851
54853
54855
54857
54859
54861
54863
54865
54867
54869
54871
54873
54875
54877
54879
54881
54883
54885
54887
54889
54891
54893
54895
54897
54899
54901
54903
54905
54907
54909
54911
54913
54915
54917
54919
54921
54923
54925
54927
54929
54931
54933
54935
54937
54939
54941
54943
54945
54947
54949
54951
54953
54955
54957
54959
54961
54963
54965
54967
54969
54971
54973
54975
54977
54979
54981
54983
54985
54987
54989
54991
54993
54995
54997
54999
55001
55003
55005
55007
55009
55011
55013
55015
55017
55019
55021
55023
55025
55027
55029
55031
55033
55035
55037
55039
55041
55043
55045
55047
55049
55051
55053
55055
55057
55059
55061
55063
55065
55067
55069
55071
55073
55075
55077
55079
55081
55083
55085
55087
55089
55091
55093
55095
55097
55099
55101
55103
55105
55107
55109
55111
55113
55115
55117
55119
55121
55123
55125
55127
55129
55131
55133
55135
55137
55139
55141
55143
55145
55147
55149
55151
55153
55155
55157
55159
55161
55163
55165
55167
55169
55171
55173
55175
55177
55179
55181
55183
55185
55187
55189
55191
55193
55195
55197
55199
55201
55203
55205
55207
55209
55211
55213
55215
55217
55220
55222
55224
55226
55228
55230
55232
55234
55236
55238
55240
55242
55244
55246
55248
55250
55252
55254
55256
55258
55260
55262
55264
55266
55268
55270
55272
55274
55276
55278
55280
55282
55284
55286
55288
55290
55292
55294
55296
55298
55300
55302
55304
55306
55308
55310
55312
55314
55316
55318
55320
55322
55324
55326
55328
55330
55332
55334
55336
55338
55340
55342
55344
55346
55348
55350
55352
55354
55356
55358
55360
55362
55364
55366
55368
55370
55372
55374
55376
55378
55380
55382
55384
55386
55388
55390
55392
55394
55396
55398
55400
55402
55404
55406
55408
55410
55412
55414
55416
55418
55420
55422
55424
55426
55428
55430
55432
55434
55436
55438
55440
55442
55444
55446
55448
55450
55452
55454
55456
55458
55460
55462
55464
55466
55468
55470
55472
55474
55476
55478
55480
55482
55484
55486
55488
55490
55492
55494
55496
55498
55500
55502
55504
55506
55508
55510
55512
55514
55516
55518
55520
55522
55524
55526
55528
55530
55532
55534
55536
55538
55540
55542
55544
55546
55548
55550
55552
55554
55556
55558
55560
55562
55564
55566
55568
55570
55572
55574
55576
55578
55580
55582
55584
55586
55588
55590
55592
55594
55596
55598
55600
55602
55604
55606
55608
55610
55612
55614
55616
55618
55620
55621
55623
55625
55627
55629
55631
55633
55635
55637
55639
55641
55643
55645
55647
55649
55651
55653
55655
55657
55659
55661
55663
55665
55667
55669
55671
55673
55675
55677
55679
55681
55683
55685
55687
55689
55691
55693
55695
55697
55699
55701
55703
55705
55707
55709
55711
55713
55715
55717
55719
55721
55723
55725
55727
55729
55731
55733
55735
55737
55739
55741
55743
55745
55747
55749
55751
55753
55755
55757
55759
55761
55763
55765
55767
55769
55771
55773
55775
55777
55779
55781
55783
55785
55787
55789
55791
55793
55795
55797
55799
55801
55803
55805
55807
55809
55811
55813
55815
55817
55819
55821
55823
55825
55827
55829
55831
55833
55835
55837
55839
55841
55843
55845
55847
55849
55851
55854
55856
55858
55860
55862
55864
55866
55868
55870
55872
55874
55876
55878
55880
55882
55884
55886
55888
55890
55892
55894
55896
55898
55900
55902
55904
55906
55908
55910
55912
55914
55916
55918
55920
55922
55924
55926
55928
55930
55932
55934
55936
55938
55940
55942
55944
55946
55948
55950
55952
55954
55956
55958
55960
55962
55964
55966
55968
55970
55972
55974
55976
55978
55980
55982
55984
55986
55988
55990
55992
55994
55996
55998
56000
56002
56004
56006
56008
56010
56012
56014
56016
56018
56020
56022
56024
56026
56028
56030
56032
56034
56036
56038
56040
56042
56044
56046
56048
56050
56052
56054
56056
56058
56060
56062
56064
56066
56068
56070
56072
56074
56076
56078
56080
56082
56084
56086
56088
56090
56092
56094
56096
56098
56100
56102
56104
56106
56108
56110
56112
56114
56116
56118
56120
56122
56124
56126
56128
56130
56132
56134
56136
56138
56140
56142
56144
56146
56148
56150
56152
56154
56156
56158
56160
56162
56164
56166
56168
56170
56172
56174
56176
56178
56180
56182
56184
56186
56188
56190
56192
56194
56196
56198
56200
56202
56204
56206
56208
56210
56212
56214
56216
56218
56220
56222
56224
56226
56228
56230
56232
56234
56236
56238
56240
56242
56244
56246
56248
56250
56252
56254
56255
56257
56259
56261
56263
56265
56267
56269
56271
56273
56275
56277
56279
56281
56283
56285
56287
56289
56291
56293
56295
56297
56299
56301
56303
56305
56307
56309
56311
56313
56315
56317
56319
56321
56323
56325
56327
56329
56331
56333
56335
56337
56339
56341
56343
56345
56347
56349
56351
56353
56355
56357
56359
56361
56363
56365
56367
56369
56371
56373
56375
56377
56379
56381
56383
56385
56387
56389
56391
56393
56395
56397
56399
56401
56403
56405
56407
56409
56411
56413
56415
56417
56419
56421
56423
56425
56427
56429
56431
56433
56435
56437
56439
56441
56443
56445
56447
56449
56451
56453
56455
56457
56459
56461
56463
56465
56467
56469
56471
56473
56475
56477
56479
56481
56483
56485
56488
56490
56492
56494
56496
56498
56500
56502
56504
56506
56508
56510
56512
56514
56516
56518
56520
56522
56524
56526
56528
56530
56532
56534
56536
56538
56540
56542
56544
56546
56548
56550
56552
56554
56556
56558
56560
56562
56564
56566
56568
56570
56572
56574
56576
56578
56580
56582
56584
56586
56588
56590
56592
56594
56596
56598
56600
56602
56604
56606
56608
56610
56612
56614
56616
56618
56620
56622
56624
56626
56628
56630
56632
56634
56636
56638
56640
56642
56644
56646
56648
56650
56652
56654
56656
56658
56660
56662
56664
56666
56668
56670
56672
56674
56676
56678
56680
56682
56684
56686
56688
56690
56692
56694
56696
56698
56700
56702
56704
56706
56708
56710
56712
56714
56716
56718
56720
56722
56724
56726
56728
56730
56732
56734
56736
56738
56740
56742
56744
56746
56748
56750
56752
56754
56756
56758
56760
56762
56764
56766
56768
56770
56772
56774
56776
56778
56780
56782
56784
56786
56788
56790
56792
56794
56796
56798
56800
56802
56804
56806
56808
56810
56812
56814
56816
56818
56820
56822
56824
56826
56828
56830
56832
56834
56836
56838
56840
56842
56844
56846
56848
56850
56852
56854
56856
56858
56860
56862
56864
56866
56868
56870
56872
56874
56876
56878
56880
56882
56884
56886
56888
56889
56891
56893
56895
56897
56899
56901
56903
56905
56907
56909
56911
56913
56915
56917
56919
56921
56923
56925
56927
56929
56931
56933
56935
56937
56939
56941
56943
56945
56947
56949
56951
56953
56955
56957
56959
56961
56963
56965
56967
56969
56971
56973
56975
56977
56979
56981
56983
56985
56987
56989
56991
56993
56995
56997
56999
57001
57003
57005
57007
57009
57011
57013
57015
57017
57019
57021
57023
57025
57027
57029
57031
57033
57035
57037
57039
57041
57043
57045
57047
57049
57051
57053
57055
57057
57059
57061
57063
57065
57067
57069
57071
57073
57075
57077
57079
57081
57083
57085
57087
57089
57091
57093
57095
57097
57099
57101
57103
57105
57107
57109
57111
57113
57115
57117
57119
57121
57123
57125
57127
57129
57131
57133
57135
57137
57139
57141
57143
57145
57147
57149
57151
57153
57155
57157
57159
57161
57163
57165
57167
57169
57171
57173
57175
57177
57179
57181
57183
57185
57187
57189
57191
57193
57195
57197
57199
57201
57203
57205
57207
57209
57211
57213
57215
57217
57219
57221
57223
57225
57227
57229
57231
57233
57235
57237
57239
57241
57243
57245
57247
57249
57251
57253
57255
57257
57259
57261
57263
57265
57267
57269
57271
57273
57275
57277
57279
57281
57283
57285
57287
57289
57291
57293
57295
57297
57299
57301
57303
57305
57307
57309
57311
57313
57315
57317
57319
57321
57323
57325
57327
57329
57331
57333
57335
57337
57339
57341
57343
57345
57347
57349
57351
57353
57355
57357
57359
57361
57363
57365
57367
57369
57371
57373
57375
57377
57379
57381
57383
57385
57387
57389
57391
57393
57395
57397
57399
57401
57403
57405
57407
57409
57411
57413
57415
57417
57419
57421
57423
57425
57427
57429
57431
57433
57435
57437
57439
57441
57443
57445
57447
57449
57451
57453
57455
57457
57459
57461
57463
57465
57467
57469
57471
57473
57475
57477
57479
57481
57483
57485
57487
57489
57491
57493
57495
57497
57499
57501
57503
57505
57507
57509
57511
57513
57515
57517
57519
57521
57523
57525
57527
57529
57531
57533
57535
57537
57539
57541
57543
57545
57547
57549
57551
57553
57555
57557
57559
57561
57563
57565
57567
57569
57571
57573
57575
57577
57579
57581
57583
57585
57587
57589
57591
57593
57595
57597
57599
57601
57603
57605
57607
57609
57611
57613
57615
57617
57619
57621
57623
57625
57627
57629
57631
57633
57635
57637
57639
57641
57643
57645
57647
57649
57651
57653
57655
57657
57659
57661
57663
57665
57667
57669
57671
57673
57675
57677
57679
57681
57683
57685
57687
57689
57691
57693
57695
57697
57699
57701
57703
57705
57707
57709
57711
57713
57715
57717
57719
57721
57723
57725
57727
57729
57731
57733
57735
57737
57739
57741
57743
57745
57747
57749
57751
57754
57756
57758
57760
57762
57764
57766
57768
57770
57772
57774
57776
57778
57780
57782
57784
57786
57788
57790
57792
57794
57796
57798
57800
57802
57804
57806
57808
57810
57812
57814
57816
57818
57820
57822
57824
57826
57828
57830
57832
57834
57836
57838
57840
57842
57844
57846
57848
57850
57852
57854
57856
57858
57860
57862
57864
57866
57868
57870
57872
57874
57876
57878
57880
57882
57884
57886
57888
57890
57892
57894
57896
57898
57900
57902
57904
57906
57908
57910
57912
57914
57916
57918
57920
57922
57924
57926
57928
57930
57932
57934
57936
57938
57940
57942
57944
57946
57948
57950
57952
57954
57956
57958
57960
57962
57964
57966
57968
57970
57972
57974
57976
57978
57980
57982
57984
57986
57988
57990
57992
57994
57996
57998
58000
58002
58004
58006
58008
58010
58012
58014
58016
58018
58020
58022
58024
58026
58028
58030
58032
58034
58036
58038
58040
58042
58044
58046
58048
58050
58052
58054
58056
58058
58060
58062
58064
58066
58068
58070
58072
58074
58076
58078
58080
58082
58084
58086
58088
58090
58092
58094
58096
58098
58100
58102
58104
58106
58108
58110
58112
58114
58116
58118
58120
58122
58124
58126
58128
58130
58132
58134
58136
58138
58140
58142
58144
58146
58148
58150
58152
58154
58155
58157
58159
58161
58163
58165
58167
58169
58171
58173
58175
58177
58179
58181
58183
58185
58187
58189
58191
58193
58195
58197
58199
58201
58203
58205
58207
58209
58211
58213
58215
58217
58219
58221
58223
58225
58227
58229
58231
58233
58235
58237
58239
58241
58243
58245
58247
58249
58251
58253
58255
58257
58259
58261
58263
58265
58267
58269
58271
58273
58275
58277
58279
58281
58283
58285
58287
58289
58291
58293
58295
58297
58299
58301
58303
58305
58307
58309
58311
58313
58315
58317
58319
58321
58323
58325
58327
58329
58331
58333
58335
58337
58339
58341
58343
58345
58347
58349
58351
58353
58355
58357
58359
58361
58363
58365
58367
58369
58371
58373
58375
58377
58379
58381
58383
58385
58388
58390
58392
58394
58396
58398
58400
58402
58404
58406
58408
58410
58412
58414
58416
58418
58420
58422
58424
58426
58428
58430
58432
58434
58436
58438
58440
58442
58444
58446
58448
58450
58452
58454
58456
58458
58460
58462
58464
58466
58468
58470
58472
58474
58476
58478
58480
58482
58484
58486
58488
58490
58492
58494
58496
58498
58500
58502
58504
58506
58508
58510
58512
58514
58516
58518
58520
58522
58524
58526
58528
58530
58532
58534
58536
58538
58540
58542
58544
58546
58548
58550
58552
58554
58556
58558
58560
58562
58564
58566
58568
58570
58572
58574
58576
58578
58580
58582
58584
58586
58588
58590
58592
58594
58596
58598
58600
58602
58604
58606
58608
58610
58612
58614
58616
58618
58620
58622
58624
58626
58628
58630
58632
58634
58636
58638
58640
58642
58644
58646
58648
58650
58652
58654
58656
58658
58660
58662
58664
58666
58668
58670
58672
58674
58676
58678
58680
58682
58684
58686
58688
58690
58692
58694
58696
58698
58700
58702
58704
58711
