37210
37212
37214
37216
37218
37220
37222
37224
37226
37228
37230
37232
37234
37236
37238
37240
37242
37244
37246
37249
37251
37253
37255
37257
37259
37261
37263
37265
37267
37269
37271
37273
37275
37277
37279
37281
37283
37285
37287
37289
37291
37293
37295
37297
37299
37301
37303
37305
37307
37309
37311
37313
37315
37317
37319
37321
37323
37325
37327
37329
37331
37333
37335
37337
37339
37341
37343
37345
37347
37349
37351
37353
37355
37357
37359
37361
37363
37365
37367
37369
37371
37373
37375
37377
37379
37381
37383
37385
37387
37389
37391
37393
37395
37397
37399
37401
37403
37405
37407
37409
37411
37413
37415
37417
37419
37421
37423
37425
37427
37429
37431
37433
37435
37437
37439
37441
37443
37445
37447
37449
37451
37453
37455
37457
37459
37461
37463
37465
37467
37469
37471
37473
37475
37477
37479
37481
37483
37485
37487
37488
37490
37492
37494
37496
37498
37500
37502
37504
37506
37508
37510
37512
37514
37516
37518
37520
37522
37524
37526
37528
37530
37532
37534
37536
37538
37540
37542
37544
37546
37548
37550
37552
37554
37556
37558
37560
37562
37564
37566
37568
37570
37572
37574
37576
37578
37580
37582
37584
37586
37588
37590
37592
37594
37596
37598
37600
37602
37604
37606
37608
37610
37612
37614
37616
37618
37620
37622
37624
37626
37628
37630
37632
37634
37636
37638
37640
37642
37644
37646
37648
37650
37652
37654
37656
37658
37660
37662
37664
37666
37668
37670
37672
37674
37676
37678
37680
37682
37684
37686
37688
37690
37692
37695
37697
37699
37701
37703
37705
37707
37709
37711
37713
37715
37717
37719
37721
37723
37725
37727
37729
37731
37733
37735
37737
37739
37741
37743
37745
37747
37749
37751
37753
37755
37757
37759
37761
37763
37765
37767
37769
37771
37773
37775
37777
37779
37781
37783
37785
37787
37789
37791
37793
37795
37797
37799
37801
37803
37805
37807
37809
37811
37813
37815
37817
37819
37821
37823
37825
37827
37829
37831
37833
37835
37837
37839
37841
37843
37845
37847
37849
37851
37853
37855
37857
37859
37861
37863
37865
37867
37869
37871
37873
37875
37877
37879
37881
37884
37886
37888
37890
37892
37894
37896
37898
37900
37902
37904
37906
37908
37910
37912
37914
37916
37918
37920
37922
37924
37926
37928
37930
37932
37934
37936
37938
37940
37942
37944
37946
37948
37950
37952
37954
37956
37958
37960
37962
37964
37966
37968
37970
37972
37974
37976
37978
37980
37982
37984
37986
37988
37990
37992
37994
37996
37998
38000
38002
38004
38006
38008
38010
38012
38014
38016
38018
38020
38022
38024
38026
38028
38030
38032
38034
38036
38038
38040
38042
38044
38046
38048
38050
38052
38054
38056
38058
38060
38062
38064
38066
38068
38070
38072
38074
38076
38078
38080
38082
38084
38086
38088
38090
38092
38094
38096
38098
38100
38102
38104
38106
38108
38110
38112
38114
38116
38118
38120
38121
38123
38125
38127
38129
38131
38133
38135
38137
38139
38141
38143
38145
38147
38149
38151
38153
38155
38157
38159
38161
38163
38165
38167
38169
38171
38173
38175
38177
38179
38181
38183
38185
38187
38189
38191
38193
38195
38197
38199
38201
38203
38205
38207
38209
38211
38213
38215
38217
38219
38221
38223
38225
38227
38229
38231
38233
38235
38237
38239
38241
38243
38245
38247
38249
38251
38253
38255
38257
38259
38261
38263
38265
38267
38269
38271
38273
38275
38277
38279
38281
38283
38285
38287
38289
38291
38293
38295
38297
38299
38301
38303
38305
38307
38309
38311
38313
38315
38317
38319
38321
38323
38325
38327
38329
38331
38333
38335
38337
38339
38341
38343
38345
38347
38349
38351
38353
38355
38357
38359
38361
38363
38365
38367
38369
38371
38373
38375
38377
38379
38381
38383
38385
38387
38389
38391
38393
38395
38397
38399
38401
38403
38405
38407
38409
38411
38413
38415
38417
38419
38421
38423
38425
38427
38429
38431
38433
38435
38437
38439
38441
38443
38445
38447
38449
38451
38453
38455
38457
38459
38461
38463
38465
38467
38469
38471
38473
38475
38477
38479
38481
38483
38485
38487
38489
38491
38493
38495
38497
38499
38501
38503
38505
38507
38509
38511
38513
38515
38517
38519
38521
38523
38525
38527
38529
38531
38533
38535
38537
38539
38541
38543
38545
38547
38549
38551
38553
38555
38557
38559
38561
38563
38565
38567
38569
38571
38573
38575
38577
38579
38581
38583
38585
38587
38589
38591
38593
38595
38597
38599
38601
38603
38605
38607
38609
38611
38613
38615
38617
38619
38621
38623
38625
38627
38629
38631
38633
38635
38637
38639
38641
38643
38645
38647
38649
38651
38653
38655
38657
38659
38661
38663
38665
38667
38669
38671
38673
38675
38677
38679
38681
38683
38685
38687
38689
38691
38693
38695
38697
38699
38701
38703
38705
38707
38709
38711
38713
38715
38717
38719
38721
38723
38725
38727
38729
38731
38733
38735
38737
38739
38741
38743
38745
38747
38749
38751
38753
38755
38757
38759
38761
38763
38765
38767
38769
38771
38773
38775
38777
38779
38781
38783
38785
38787
38789
38791
38793
38795
38797
38799
38801
38803
38805
38807
38809
38811
38813
38815
38817
38819
38821
38823
38825
38827
38829
38831
38833
38835
38837
38839
38841
38843
38845
38847
38849
38851
38853
38855
38857
38859
38861
38863
38865
38867
38869
38871
38873
38875
38877
38879
38881
38883
38885
38887
38889
38891
38893
38895
38897
38899
38901
38903
38905
38907
38909
38911
38913
38915
38917
38919
38921
38923
38925
38927
38929
38931
38933
38935
38937
38939
38941
38943
38945
38947
38949
38951
38953
38955
38957
38959
38961
38963
38965
38967
38969
38971
38973
38975
38977
38979
38981
38983
38985
38987
38989
38991
38993
38995
38997
38999
39001
39003
39005
39007
39009
39011
39013
39015
39017
39019
39021
39023
39025
39027
39029
39031
39033
39035
39037
39039
39041
39043
39045
39047
39049
39051
39053
39055
39057
39059
39061
39063
39065
39067
39069
39071
39073
39075
39077
39079
39081
39083
39085
39087
39089
39091
39093
39095
39097
39099
39101
39103
39105
39107
39109
39111
39113
39115
39117
39119
39121
39123
39125
39127
39129
39131
39133
39135
39137
39139
39141
39143
39145
39147
39150
39152
39154
39156
39158
39160
39162
39164
39166
39168
39170
39172
39174
39176
39178
39180
39182
39184
39186
39188
39190
39192
39194
39196
39198
39200
39202
39204
39206
39208
39210
39212
39214
39216
39218
39220
39222
39224
39226
39228
39230
39232
39234
39236
39238
39240
39242
39244
39246
39248
39250
39252
39254
39256
39258
39260
39262
39264
39266
39268
39270
39272
39274
39276
39278
39280
39282
39284
39286
39288
39290
39292
39294
39296
39298
39300
39302
39304
39306
39308
39310
39312
39314
39316
39318
39320
39322
39324
39326
39328
39330
39332
39334
39336
39338
39340
39342
39344
39346
39348
39350
39352
39354
39356
39358
39360
39362
39364
39366
39368
39370
39372
39374
39376
39378
39380
39382
39384
39386
39387
39389
39391
39393
39395
39397
39399
39401
39403
39405
39407
39409
39411
39413
39415
39417
39419
39421
39423
39425
39427
39429
39431
39433
39435
39437
39439
39441
39443
39445
39447
39449
39451
39453
39455
39457
39459
39461
39463
39465
39467
39469
39471
39473
39475
39477
39479
39481
39483
39485
39487
39489
39491
39493
39495
39497
39499
39501
39503
39505
39507
39509
39511
39513
39515
39517
39519
39521
39523
39525
39527
39529
39531
39533
39535
39537
39539
39541
39543
39545
39547
39549
39551
39553
39555
39557
39559
39561
39563
39565
39567
39569
39571
39573
39575
39577
39579
39581
39583
39585
39587
39589
39591
39593
39595
39597
39599
39601
39603
39605
39607
39609
39611
39613
39615
39617
39619
39621
39623
39625
39627
39629
39631
39633
39635
39637
39639
39641
39643
39645
39647
39649
39651
39653
39655
39657
39659
39661
39663
39665
39667
39669
39671
39673
39675
39677
39679
39681
39683
39685
39687
39689
39691
39693
39695
39697
39699
39701
39703
39705
39707
39709
39711
39713
39715
39717
39719
39721
39723
39725
39727
39729
39731
39733
39735
39737
39739
39741
39743
39745
39747
39749
39751
39753
39755
39757
39759
39761
39763
39765
39767
39769
39771
39773
39775
39777
39779
39781
39784
39786
39788
39790
39792
39794
39796
39798
39800
39802
39804
39806
39808
39810
39812
39814
39816
39818
39820
39822
39824
39826
39828
39830
39832
39834
39836
39838
39840
39842
39844
39846
39848
39850
39852
39854
39856
39858
39860
39862
39864
39866
39868
39870
39872
39874
39876
39878
39880
39882
39884
39886
39888
39890
39892
39894
39896
39898
39900
39902
39904
39906
39908
39910
39912
39914
39916
39918
39920
39922
39924
39926
39928
39930
39932
39934
39936
39938
39940
39942
39944
39946
39948
39950
39952
39954
39956
39958
39960
39962
39964
39966
39968
39970
39972
39974
39976
39978
39980
39982
39984
39986
39988
39990
39992
39994
39996
39998
40000
40002
40004
40006
40008
40010
40012
40014
40016
40018
40020
40021
40023
40025
40027
40029
40031
40033
40035
40037
40039
40041
40043
40045
40047
40049
40051
40053
40055
40057
40059
40061
40063
40065
40067
40069
40071
40073
40075
40077
40079
40081
40083
40085
40087
40089
40091
40093
40095
40097
40099
40101
40103
40105
40107
40109
40111
40113
40115
40117
40119
40121
40123
40125
40127
40129
40131
40133
40135
40137
40139
40141
40143
40145
40147
40149
40151
40153
40155
40157
40159
40161
40163
40165
40167
40169
40171
40173
40175
40177
40179
40181
40183
40185
40187
40189
40191
40193
40195
40197
40199
40201
40203
40205
40207
40209
40211
40213
40215
40217
40219
40221
40223
40225
40227
40229
40231
40233
40235
40237
40239
40241
40243
40245
40247
40249
40251
40253
40255
40257
40259
40261
40263
40265
40267
40269
40271
40273
40275
40277
40279
40281
40283
40285
40287
40289
40291
40293
40295
40297
40299
40301
40303
40305
40307
40309
40311
40313
40315
40317
40319
40321
40323
40325
40327
40329
40331
40333
40335
40337
40339
40341
40343
40345
40347
40349
40351
40353
40355
40357
40359
40361
40363
40365
40367
40369
40371
40373
40375
40377
40379
40381
40383
40385
40387
40389
40391
40393
40395
40397
40399
40401
40403
40405
40407
40409
40411
40413
40415
40418
40420
40422
40424
40426
40428
40430
40432
40434
40436
40438
40440
40442
40444
40446
40448
40450
40452
40454
40456
40458
40460
40462
40464
40466
40468
40470
40472
40474
40476
40478
40480
40482
40484
40486
40488
40490
40492
40494
40496
40498
40500
40502
40504
40506
40508
40510
40512
40514
40516
40518
40520
40522
40524
40526
40528
40530
40532
40534
40536
40538
40540
40542
40544
40546
40548
40550
40552
40554
40556
40558
40560
40562
40564
40566
40568
40570
40572
40574
40576
40578
40580
40582
40584
40586
40588
40590
40592
40594
40596
40598
40600
40602
40604
40606
40608
40610
40612
40614
40616
40618
40620
40622
40624
40626
40628
40630
40632
40634
40636
40638
40640
40642
40644
40646
40648
40650
40652
40654
40656
40658
40660
40662
40664
40666
40668
40670
40672
40674
40676
40678
40680
40682
40684
40686
40688
40690
40692
40694
40696
40698
40700
40702
40704
40706
40708
40710
40712
40714
40716
40718
40720
40722
40724
40726
40728
40730
40732
40734
40736
40738
40740
40742
40744
40746
40748
40750
40752
40754
40756
40758
40760
40762
40764
40766
40768
40770
40772
40774
40776
40778
40780
40782
40784
40786
40788
40790
40792
40794
40796
40798
40800
40802
40804
40806
40808
40810
40812
40814
40816
40818
40820
40822
40824
40826
40828
40830
40832
40834
40836
40838
40840
40842
40844
40846
40848
40850
40852
40854
40856
40858
40860
40862
40864
40866
40868
40870
40872
40874
40876
40878
40880
40882
40884
40886
40888
40890
40892
40894
40896
40898
40900
40902
40904
40906
40908
40910
40912
40914
40916
40918
40920
40922
40924
40926
40928
40930
40932
40934
40936
40938
40940
40942
40944
40946
40948
40950
40952
40954
40956
40958
40960
40962
40964
40966
40968
40970
40972
40974
40976
40978
40980
40982
40984
40986
40988
40990
40992
40994
40996
40998
41000
41002
41004
41006
41008
41010
41012
41014
41016
41018
41020
41022
41024
41026
41028
41030
41032
41034
41036
41038
41040
41042
41044
41046
41048
41050
41052
41054
41056
41058
41060
41062
41064
41066
41068
41070
41072
41074
41076
41078
41080
41082
41084
41086
41088
41090
41092
41094
41096
41098
41100
41102
41104
41106
41108
41110
41112
41114
41116
41118
41120
41122
41124
41126
41128
41130
41132
41134
41136
41138
41140
41142
41144
41146
41148
41150
41152
41154
41156
41158
41160
41162
41164
41166
41168
41170
41172
41174
41176
41178
41180
41182
41184
41186
41188
41190
41192
41194
41196
41198
41200
41202
41204
41206
41208
41210
41212
41214
41216
41218
41220
41222
41224
41226
41228
41230
41232
41234
41236
41238
41240
41242
41244
41246
41248
41250
41252
41254
41256
41258
41260
41262
41264
41266
41268
41270
41272
41274
41276
41278
41280
41282
41284
41286
41287
41289
41291
41293
41295
41297
41299
41301
41303
41305
41307
41309
41311
41313
41315
41317
41319
41321
41323
41325
41327
41329
41331
41333
41335
41337
41339
41341
41343
41345
41347
41349
41351
41353
41355
41357
41359
41361
41363
41365
41367
41369
41371
41373
41375
41377
41379
41381
41383
41385
41387
41389
41391
41393
41395
41397
41399
41401
41403
41405
41407
41409
41411
41413
41415
41417
41419
41421
41423
41425
41427
41429
41431
41433
41435
41437
41439
41441
41443
41445
41447
41449
41451
41453
41455
41457
41459
41461
41463
41465
41467
41469
41471
41473
41475
41477
41479
41481
41483
41485
41487
41489
41491
41493
41495
41497
41499
41501
41503
41505
41507
41509
41511
41513
41515
41517
41519
41521
41523
41525
41527
41529
41531
41533
41535
41537
41539
41541
41543
41545
41547
41549
41551
41553
41555
41557
41559
41561
41563
41565
41567
41569
41571
41573
41575
41577
41579
41581
41583
41585
41587
41589
41591
41593
41595
41597
41599
41601
41603
41605
41607
41609
41611
41613
41615
41617
41619
41621
41623
41625
41627
41629
41631
41633
41635
41637
41639
41641
41643
41645
41647
41649
41651
41653
41655
41657
41659
41661
41663
41665
41667
41669
41671
41673
41675
41677
41679
41681
41684
41686
41688
41690
41692
41694
41696
41698
41700
41702
41704
41706
41708
41710
41712
41714
41716
41718
41720
41722
41724
41726
41728
41730
41732
41734
41736
41738
41740
41742
41744
41746
41748
41750
41752
41754
41756
41758
41760
41762
41764
41766
41768
41770
41772
41774
41776
41778
41780
41782
41784
41786
41788
41790
41792
41794
41796
41798
41800
41802
41804
41806
41808
41810
41812
41814
41816
41818
41820
41822
41824
41826
41828
41830
41832
41834
41836
41838
41840
41842
41844
41846
41848
41850
41852
41854
41856
41858
41860
41862
41864
41866
41868
41870
41872
41874
41876
41878
41880
41882
41884
41886
41888
41890
41892
41894
41896
41898
41900
41902
41904
41906
41908
41910
41912
41914
41916
41918
41920
41921
41923
41925
41927
41929
41931
41933
41935
41937
41939
41941
41943
41945
41947
41949
41951
41953
41955
41957
41959
41961
41963
41965
41967
41969
41971
41973
41975
41977
41979
41981
41983
41985
41987
41989
41991
41993
41995
41997
41999
42001
42003
42005
42007
42009
42011
42013
42015
42017
42019
42021
42023
42025
42027
42029
42031
42033
42035
42037
42039
42041
42043
42045
42047
42049
42051
42053
42055
42057
42059
42061
42063
42065
42067
42069
42071
42073
42075
42077
42079
42081
42083
42085
42087
42089
42091
42093
42095
42097
42099
42101
42103
42105
42107
42109
42111
42113
42115
42117
42119
42121
42123
42125
42127
42129
42131
42133
42135
42137
42139
42141
42143
42145
42147
42149
42151
42153
42155
42157
42159
42161
42163
42165
42167
42169
42171
42173
42175
42177
42179
42181
42183
42185
42187
42189
42191
42193
42195
42197
42199
42201
42203
42205
42207
42209
42211
42213
42215
42217
42219
42221
42223
42225
42227
42229
42231
42233
42235
42237
42239
42241
42243
42245
42247
42249
42251
42253
42255
42257
42259
42261
42263
42265
42267
42269
42271
42273
42275
42277
42279
42281
42283
42285
42287
42289
42291
42293
42295
42297
42299
42301
42303
42305
42307
42309
42311
42313
42315
42318
42320
42322
42324
42326
42328
42330
42332
42334
42336
42338
42340
42342
42344
42346
42348
42350
42352
42354
42356
42358
42360
42362
42364
42366
42368
42370
42372
42374
42376
42378
42380
42382
42384
42386
42388
42390
42392
42394
42396
42398
42400
42402
42404
42406
42408
42410
42412
42414
42416
42418
42420
42422
42424
42426
42428
42430
42432
42434
42436
42438
42440
42442
42444
42446
42448
42450
42452
42454
42456
42458
42460
42462
42464
42466
42468
42470
42472
42474
42476
42478
42480
42482
42484
42486
42488
42490
42492
42494
42496
42498
42500
42502
42504
42506
42508
42510
42512
42514
42516
42518
42520
42522
42524
42526
42528
42530
42532
42534
42536
42538
42540
42542
42544
42546
42548
42550
42552
42554
42556
42558
42560
42562
42564
42566
42568
42570
42572
42574
42576
42578
42580
42582
42584
42586
42588
42590
42592
42594
42596
42598
42600
42602
42604
42606
42608
42610
42612
42614
42616
42618
42620
42622
42624
42626
42628
42630
42632
42634
42636
42638
42640
42642
42644
42646
42648
42650
42652
42654
42656
42658
42660
42662
42664
42666
42668
42670
42672
42674
42676
42678
42680
42682
42684
42686
42688
42690
42692
42694
42696
42698
42700
42702
42704
42706
42708
42710
42712
42714
42716
42718
42720
42722
42724
42726
42728
42730
42732
42734
42736
42738
42740
42742
42744
42746
42748
42750
42752
42754
42756
42758
42760
42762
42764
42766
42768
42770
42772
42774
42776
42778
42780
42782
42784
42786
42788
42790
42792
42794
42796
42798
42800
42802
42804
42806
42808
42810
42812
42814
42816
42818
42820
42822
42824
42826
42828
42830
42832
42834
42836
42838
42840
42842
42844
42846
42848
42850
42852
42854
42856
42858
42860
42862
42864
42866
42868
42870
42872
42874
42876
42878
42880
42882
42884
42886
42888
42890
42892
42894
42896
42898
42900
42902
42904
42906
42908
42910
42912
42914
42916
42918
42920
42922
42924
42926
42928
42930
42932
42934
42936
42938
42940
42942
42944
42946
42948
42950
42953
42955
42957
42959
42961
42963
42965
42967
42969
42971
42973
42975
42977
42979
42981
42983
42985
42987
42989
42991
42993
42995
42997
42999
43001
43003
43005
43007
43009
43011
43013
43015
43017
43019
43021
43023
43025
43027
43029
43031
43033
43035
43037
43039
43041
43043
43045
43047
43049
43051
43053
43055
43057
43059
43061
43063
43065
43067
43069
43071
43073
43075
43077
43079
43081
43083
43085
43087
43089
43091
43093
43095
43097
43099
43101
43103
43105
43107
43109
43111
43113
43115
43117
43119
43121
43123
43125
43127
43129
43131
43133
43135
43137
43139
43141
43143
43145
43147
43149
43151
43153
43155
43157
43159
43161
43163
43165
43167
43169
43171
43173
43175
43177
43179
43181
43183
43185
43186
43188
43190
43192
43194
43196
43198
43200
43202
43204
43206
43208
43210
43212
43214
43216
43218
43220
43222
43224
43226
43228
43230
43232
43234
43236
43238
43240
43242
43244
43246
43248
43250
43252
43254
43256
43258
43260
43262
43264
43266
43268
43270
43272
43274
43276
43278
43280
43282
43284
43286
43288
43290
43292
43294
43296
43298
43300
43302
43304
43306
43308
43310
43312
43314
43316
43318
43320
43322
43324
43326
43328
43330
43332
43334
43336
43338
43340
43342
43344
43346
43348
43350
43352
43354
43356
43358
43360
43362
43364
43366
43368
43370
43372
43374
43376
43378
43380
43382
43384
43386
43388
43390
43392
43394
43396
43398
43400
43402
43404
43406
43408
43410
43412
43414
43416
43418
43420
43422
43424
43426
43428
43430
43432
43434
43436
43438
43440
43442
43444
43446
43448
43450
43452
43454
43456
43458
43460
43462
43464
43466
43468
43470
43472
43474
43476
43478
43480
43482
43484
43486
43488
43490
43492
43494
43496
43498
43500
43502
43504
43506
43508
43510
43512
43514
43516
43518
43520
43522
43524
43526
43528
43530
43532
43534
43536
43538
43540
43542
43544
43546
43548
43550
43552
43554
43556
43558
43560
43562
43564
43566
43568
43570
43572
43574
43576
43578
43580
43582
43584
43586
43588
43590
43592
43594
43596
43598
43600
43602
43604
43606
43608
43610
43612
43614
43616
43618
43620
43622
43624
43626
43628
43630
43632
43634
43636
43638
43640
43642
43644
43646
43648
43650
43652
43654
43656
43658
43660
43662
43664
43666
43668
43670
43672
43674
43676
43678
43680
43682
43684
43686
43688
43690
43692
43694
43696
43698
43700
43702
43704
43706
43708
43710
43712
43714
43716
43718
43720
43722
43724
43726
43728
43730
43732
43734
43736
43738
43740
43742
43744
43746
43748
43750
43752
43754
43756
43758
43760
43762
43764
43766
43768
43770
43772
43774
43776
43778
43780
43782
43784
43786
43788
43790
43792
43794
43796
43798
43800
43802
43804
43806
43808
43810
43812
43814
43816
43818
43820
43821
43823
43825
43827
43829
43831
43833
43835
43837
43839
43841
43843
43845
43847
43849
43851
43853
43855
43857
43859
43861
43863
43865
43867
43869
43871
43873
43875
43877
43879
43881
43883
43885
43887
43889
43891
43893
43895
43897
43899
43901
43903
43905
43907
43909
43911
43913
43915
43917
43919
43921
43923
43925
43927
43929
43931
43933
43935
43937
43939
43941
43943
43945
43947
43949
43951
43953
43955
43957
43959
43961
43963
43965
43967
43969
43971
43973
43975
43977
43979
43981
43983
43985
43987
43989
43991
43993
43995
43997
43999
44001
44003
44005
44007
44009
44011
44013
44015
44017
44019
44021
44023
44025
44027
44029
44031
44033
44035
44037
44039
44041
44043
44045
44047
44049
44051
44053
44055
44057
44059
44061
44063
44065
44067
44069
44071
44073
44075
44077
44079
44081
44083
44085
44087
44089
44091
44093
44095
44097
44099
44101
44103
44105
44107
44109
44111
44113
44115
44117
44119
44121
44123
44125
44127
44129
44131
44133
44135
44137
44139
44141
44143
44145
44147
44149
44151
44153
44155
44157
44159
44161
44163
44165
44167
44169
44171
44173
44175
44177
44179
44181
44183
44185
44187
44189
44191
44193
44195
44197
44199
44201
44203
44205
44207
44209
44211
44213
44215
44218
44220
44222
44224
44226
44228
44230
44232
44234
44236
44238
44240
44242
44244
44246
44248
44250
44252
44254
44256
44258
44260
44262
44264
44266
44268
44270
44272
44274
44276
44278
44280
44282
44284
44286
44288
44290
44292
44294
44296
44298
44300
44302
44304
44306
44308
44310
44312
44314
44316
44318
44320
44322
44324
44326
44328
44330
44332
44334
44336
44338
44340
44342
44344
44346
44348
44350
44352
44354
44356
44358
44360
44362
44364
44366
44368
44370
44372
44374
44376
44378
44380
44382
44384
44386
44388
44390
44392
44394
44396
44398
44400
44402
44404
44406
44408
44410
44412
44414
44416
44418
44420
44422
44424
44426
44428
44430
44432
44434
44436
44438
44440
44442
44444
44446
44448
44450
44452
44454
44456
44458
44460
44462
44464
44466
44468
44470
44472
44474
44476
44478
44480
44482
44484
44486
44488
44490
44492
44494
44496
44498
44500
44502
44504
44506
44508
44510
44512
44514
44516
44518
44520
44522
44524
44526
44528
44530
44532
44534
44536
44538
44540
44542
44544
44546
44548
44550
44552
44554
44556
44558
44560
44562
44564
44566
44568
44570
44572
44574
44576
44578
44580
44582
44584
44586
44588
44590
44592
44594
44596
44598
44600
44602
44604
44606
44608
44610
44612
44614
44616
44618
44620
44622
44624
44626
44628
44630
44632
44634
44636
44638
44640
44642
44644
44646
44648
44650
44652
44654
44656
44658
44660
44662
44664
44666
44668
44670
44672
44674
44676
44678
44680
44682
44684
44686
44688
44690
44692
44694
44696
44698
44700
44702
44704
44706
44708
44710
44712
44714
44716
44718
44720
44722
44724
44726
44728
44730
44732
44734
44736
44738
44740
44742
44744
44746
44748
44750
44752
44754
44756
44758
44760
44762
44764
44766
44768
44770
44772
44774
44776
44778
44780
44782
44784
44786
44788
44790
44792
44794
44796
44798
44800
44802
44804
44806
44808
44810
44812
44814
44816
44818
44820
44822
44824
44826
44828
44830
44832
44834
44836
44838
44840
44842
44844
44846
44848
44850
44853
44855
44857
44859
44861
44863
44865
44867
44869
44871
44873
44875
44877
44879
44881
44883
44885
44887
44889
44891
44893
44895
44897
44899
44901
44903
44905
44907
44909
44911
44913
44915
44917
44919
44921
44923
44925
44927
44929
44931
44933
44935
44937
44939
44941
44943
44945
44947
44949
44951
44953
44955
44957
44959
44961
44963
44965
44967
44969
44971
44973
44975
44977
44979
44981
44983
44985
44987
44989
44991
44993
44995
44997
44999
45001
45003
45005
45007
45009
45011
45013
45015
45017
45019
45021
45023
45025
45027
45029
45031
45033
45035
45037
45039
45041
45043
45045
45047
45049
45051
45053
45055
45057
45059
45061
45063
45065
45067
45069
45071
45073
45075
45077
45079
45081
45083
45085
45086
45088
45090
45092
45094
45096
45098
45100
45102
45104
45106
45108
45110
45112
45114
45116
45118
45120
45122
45124
45126
45128
45130
45132
45134
45136
45138
45140
45142
45144
45146
45148
45150
45152
45154
45156
45158
45160
45162
45164
45166
45168
45170
45172
45174
45176
45178
45180
45182
45184
45186
45188
45190
45192
45194
45196
45198
45200
45202
45204
45206
45208
45210
45212
45214
45216
45218
45220
45222
45224
45226
45228
45230
45232
45234
45236
45238
45240
45242
45244
45246
45248
45250
45252
45254
45256
45258
45260
45262
45264
45266
45268
45270
45272
45274
45276
45278
45280
45282
45284
45286
45288
45290
45292
45294
45296
45298
45300
45302
45304
45306
45308
45310
45312
45314
45316
45318
45320
45322
45324
45326
45328
45330
45332
45334
45336
45338
45340
45342
45344
45346
45348
45350
45352
45354
45356
45358
45360
45362
45364
45366
45368
45370
45372
45374
45376
45378
45380
45382
45384
45386
45388
45390
45392
45394
45396
45398
45400
45402
45404
45406
45408
45410
45412
45414
45416
45418
45420
45422
45424
45426
45428
45430
45432
45434
45436
45438
45440
45442
45444
45446
45448
45450
45452
45454
45456
45458
45460
45462
45464
45466
45468
45470
45472
45474
45476
45478
45480
45482
45484
45486
45488
45490
45492
45494
45496
45498
45500
45502
45504
45506
45508
45510
45512
45514
45516
45518
45520
45522
45524
45526
45528
45530
45532
45534
45536
45538
45540
45542
45544
45546
45548
45550
45552
45554
45556
45558
45560
45562
45564
45566
45568
45570
45572
45574
45576
45578
45580
45582
45584
45586
45588
45590
45592
45594
45596
45598
45600
45602
45604
45606
45608
45610
45612
45614
45616
45618
45620
45622
45624
45626
45628
45630
45632
45634
45636
45638
45640
45642
45644
45646
45648
45650
45652
45654
45656
45658
45660
45662
45664
45666
45668
45670
45672
45674
45676
45678
45680
45682
45684
45686
45688
45690
45692
45694
45696
45698
45700
45702
45704
45706
45708
45710
45712
45714
45716
45718
45720
45721
45723
45725
45727
45729
45731
45733
45735
45737
45739
45741
45743
45745
45747
45749
45751
45753
45755
45757
45759
45761
45763
45765
45767
45769
45771
45773
45775
45777
45779
45781
45783
45785
45787
45789
45791
45793
45795
45797
45799
45801
45803
45805
45807
45809
45811
45813
45815
45817
45819
45821
45823
45825
45827
45829
45831
45833
45835
45837
45839
45841
45843
45845
45847
45849
45851
45853
45855
45857
45859
45861
45863
45865
45867
45869
45871
45873
45875
45877
45879
45881
45883
45885
45887
45889
45891
45893
45895
45897
45899
45901
45903
45905
45907
45909
45911
45913
45915
45917
45919
45921
45923
45925
45927
45929
45931
45933
45935
45937
45939
45941
45943
45945
45947
45949
45951
45953
45955
45957
45959
45961
45963
45965
45967
45969
45971
45973
45975
45977
45979
45981
45983
45985
45987
45989
45991
45993
45995
45997
45999
46001
46003
46005
46007
46009
46011
46013
46015
46017
46019
46021
46023
46025
46027
46029
46031
46033
46035
46037
46039
46041
46043
46045
46047
46049
46051
46053
46055
46057
46059
46061
46063
46065
46067
46069
46071
46073
46075
46077
46079
46081
46083
46085
46087
46089
46091
46093
46095
46097
46099
46101
46103
46105
46107
46109
46111
46113
46115
46118
46120
46122
46124
46126
46128
46130
46132
46134
46136
46138
46140
46142
46144
46146
46148
46150
46152
46154
46156
46158
46160
46162
46164
46166
46168
46170
46172
46174
46176
46178
46180
46182
46184
46186
46188
46190
46192
46194
46196
46198
46200
46202
46204
46206
46208
46210
46212
46214
46216
46218
46220
46222
46224
46226
46228
46230
46232
46234
46236
46238
46240
46242
46244
46246
46248
46250
46252
46254
46256
46258
46260
46262
46264
46266
46268
46270
46272
46274
46276
46278
46280
46282
46284
46286
46288
46290
46292
46294
46296
46298
46300
46302
46304
46306
46308
46310
46312
46314
46316
46318
46320
46322
46324
46326
46328
46330
46332
46334
46336
46338
46340
46342
46344
46346
46348
46350
46352
46354
46355
46357
46359
46361
46363
46365
46367
46369
46371
46373
46375
46377
46379
46381
46383
46385
46387
46389
46391
46393
46395
46397
46399
46401
46403
46405
46407
46409
46411
46413
46415
46417
46419
46421
46423
46425
46427
46429
46431
46433
46435
46437
46439
46441
46443
46445
46447
46449
46451
46453
46455
46457
46459
46461
46463
46465
46467
46469
46471
46473
46475
46477
46479
46481
46483
46485
46487
46489
46491
46493
46495
46497
46499
46501
46503
46505
46507
46509
46511
46513
46515
46517
46519
46521
46523
46525
46527
46529
46531
46533
46535
46537
46539
46541
46543
46545
46547
46549
46551
46553
46555
46557
46559
46561
46563
46565
46567
46569
46571
46573
46575
46577
46579
46581
46583
46585
46587
46589
46591
46593
46595
46597
46599
46601
46603
46605
46607
46609
46611
46613
46615
46617
46619
46621
46623
46625
46627
46629
46631
46633
46635
46637
46639
46641
46643
46645
46647
46649
46651
46653
46655
46657
46659
46661
46663
46665
46667
46669
46671
46673
46675
46677
46679
46681
46683
46685
46687
46689
46691
46693
46695
46697
46699
46701
46703
46705
46707
46709
46711
46713
46715
46717
46719
46721
46723
46725
46727
46729
46731
46733
46735
46737
46739
46741
46743
46745
46747
46749
46752
46754
46756
46758
46760
46762
46764
46766
46768
46770
46772
46774
46776
46778
46780
46782
46784
46786
46788
46790
46792
46794
46796
46798
46800
46802
46804
46806
46808
46810
46812
46814
46816
46818
46820
46822
46824
46826
46828
46830
46832
46834
46836
46838
46840
46842
46844
46846
46848
46850
46852
46854
46856
46858
46860
46862
46864
46866
46868
46870
46872
46874
46876
46878
46880
46882
46884
46886
46888
46890
46892
46894
46896
46898
46900
46902
46904
46906
46908
46910
46912
46914
46916
46918
46920
46922
46924
46926
46928
46930
46932
46934
46936
46938
46940
46942
46944
46946
46948
46950
46952
46954
46956
46958
46960
46962
46964
46966
46968
46970
46972
46974
46976
46978
46980
46982
46984
46986
46988
46990
46992
46994
46996
46998
47000
47002
47004
47006
47008
47010
47012
47014
47016
47018
47020
47022
47024
47026
47028
47030
47032
47034
47036
47038
47040
47042
47044
47046
47048
47050
47052
47054
47056
47058
47060
47062
47064
47066
47068
47070
47072
47074
47076
47078
47080
47082
47084
47086
47088
47090
47092
47094
47096
47098
47100
47102
47104
47106
47108
47110
47112
47114
47116
47118
47120
47122
47124
47126
47128
47130
47132
47134
47136
47138
47140
47142
47144
47146
47148
47150
47152
47154
47156
47158
47160
47162
47164
47166
47168
47170
47172
47174
47176
47178
47180
47182
47184
47186
47188
47190
47192
47194
47196
47198
47200
47202
47204
47206
47208
47210
47212
47214
47216
47218
47220
47222
47224
47226
47228
47230
47232
47234
47236
47238
47240
47242
47244
47246
47248
47250
47252
47254
47256
47258
47260
47262
47264
47266
47268
47270
47272
47274
47276
47278
47280
47282
47284
47286
47288
47290
47292
47294
47296
47298
47300
47302
47304
47306
47308
47310
47312
47314
47316
47318
47320
47322
47324
47326
47328
47330
47332
47334
47336
47338
47340
47342
47344
47346
47348
47350
47352
47354
47356
47358
47360
47362
47364
47366
47368
47370
47372
47374
47376
47378
47380
47382
47384
47387
47389
47391
47393
47395
47397
47399
47401
47403
47405
47407
47409
47411
47413
47415
47417
47419
47421
47423
47425
47427
47429
47431
47433
47435
47437
47439
47441
47443
47445
47447
47449
47451
47453
47455
47457
47459
47461
47463
47465
47467
47469
47471
47473
47475
47477
47479
47481
47483
47485
47487
47489
47491
47493
47495
47497
47499
47501
47503
47505
47507
47509
47511
47513
47515
47517
47519
47521
47523
47525
47527
47529
47531
47533
47535
47537
47539
47541
47543
47545
47547
47549
47551
47553
47555
47557
47559
47561
47563
47565
47567
47569
47571
47573
47575
47577
47579
47581
47583
47585
47587
47589
47591
47593
47595
47597
47599
47601
47603
47605
47607
47609
47611
47613
47615
47617
47619
47620
47622
47624
47626
47628
47630
47633
47635
47637
47639
47641
47643
47645
47647
47649
47651
47653
47655
47657
47659
47661
47663
47665
47667
47669
47671
47673
47675
47677
47679
47681
47683
47685
47687
47689
47691
47693
47695
47697
47699
47701
47703
47705
47707
47709
47711
47713
47715
47717
47719
47721
47723
47725
47727
47729
47731
47733
47735
47737
47739
47741
47743
47745
47747
47749
47751
47753
47755
47757
47759
47761
47763
47765
47767
47769
47771
47773
47775
47777
47779
47781
47783
47785
47787
47789
47791
47793
47795
47797
47799
47801
47803
47805
47807
47809
47811
47813
47815
47817
47819
47821
47823
47825
47827
47829
47831
47833
47835
47837
47839
47841
47843
47845
47847
47849
47851
47853
47855
47857
47859
47861
47863
47865
47867
47869
47871
47873
47875
47877
47879
47881
47883
47885
47887
47889
47891
47893
47895
47897
47899
47901
47903
47905
47907
47909
47911
47913
47915
47917
47919
47921
47923
47925
47927
47929
47931
47933
47935
47937
47939
47941
47943
47945
47947
47949
47951
47953
47955
47957
47959
47961
47963
47965
47967
47969
47971
47973
47975
47977
47979
47981
47983
47985
47987
47989
47991
47993
47995
47997
47999
48001
48003
48005
48007
48009
48011
48013
48015
48017
48019
48021
48023
48025
48027
48029
48031
48033
48035
48037
48039
48041
48043
48045
48047
48049
48051
48053
48055
48057
48059
48061
48063
48065
48067
48069
48071
48073
48075
48077
48079
48081
48083
48085
48087
48089
48091
48093
48095
48097
48099
48101
48103
48105
48107
48109
48111
48113
48115
48117
48119
48121
48123
48125
48127
48129
48131
48133
48135
48137
48139
48141
48143
48145
48147
48149
48151
48153
48155
48157
48159
48161
48163
48165
48167
48169
48171
48173
48175
48177
48179
48181
48183
48185
48187
48189
48191
48193
48195
48197
48199
48201
48203
48205
48207
48209
48211
48213
48215
48217
48219
48221
48223
48225
48227
48229
48231
48233
48235
48237
48239
48241
48243
48245
48247
48249
48251
48253
48254
48256
48258
48260
48262
48264
48266
48268
48270
48272
48274
48276
48278
48280
48282
48284
48286
48288
48290
48292
48294
48296
48298
48300
48302
48304
48306
48308
48310
48312
48314
48316
48318
48320
48322
48324
48326
48328
48330
48332
48334
48336
48338
48340
48342
48344
48346
48348
48350
48352
48354
48356
48358
48360
48362
48364
48366
48368
48370
48372
48374
48376
48378
48380
48382
48384
48386
48388
48390
48392
48394
48396
48398
48400
48402
48404
48406
48408
48410
48412
48414
48416
48418
48420
48422
48424
48426
48428
48430
48432
48434
48436
48438
48440
48442
48444
48446
48448
48450
48452
48454
48456
48458
48460
48462
48464
48466
48468
48470
48472
48474
48476
48478
48480
48482
48484
48486
48488
48490
48492
48494
48496
48498
48500
48502
48504
48506
48508
48510
48512
48514
48516
48518
48520
48522
48524
48526
48528
48530
48532
48534
48536
48538
48540
48542
48544
48546
48548
48550
48552
48554
48556
48558
48560
48562
48564
48566
48568
48570
48572
48574
48576
48578
48580
48582
48584
48586
48588
48590
48592
48594
48596
48598
48600
48602
48604
48606
48608
48610
48612
48614
48616
48618
48620
48622
48624
48626
48628
48630
48632
48634
48636
48638
48640
48642
48644
48646
48648
48650
48653
48655
48657
48659
48661
48663
48665
48667
48669
48671
48673
48675
48677
48679
48681
48683
48685
48687
48689
48691
48693
48695
48697
48699
48701
48703
48705
48707
48709
48711
48713
48715
48717
48719
48721
48723
48725
48727
48729
48731
48733
48735
48737
48739
48741
48743
48745
48747
48749
48751
48753
48755
48757
48759
48761
48763
48765
48767
48769
48771
48773
48775
48777
48779
48781
48783
48785
48787
48789
48791
48793
48795
48797
48799
48801
48803
48805
48807
48809
48811
48813
48815
48817
48819
48821
48823
48825
48827
48829
48831
48833
48835
48837
48839
48841
48843
48845
48847
48849
48851
48853
48855
48857
48859
48861
48863
48865
48867
48869
48871
48873
48875
48877
48879
48881
48883
48885
48887
48889
48891
48893
48895
48897
48899
48901
48903
48905
48907
48909
48911
48913
48915
48917
48919
48921
48923
48925
48927
48929
48931
48933
48935
48937
48939
48941
48943
48945
48947
48949
48951
48953
48955
48957
48959
48961
48963
48965
48967
48969
48971
48973
48975
48977
48979
48981
48983
48985
48987
48989
48991
48993
48995
48997
48999
49001
49003
49005
49007
49009
49011
49013
49015
49017
49019
49021
49023
49025
49027
49029
49031
49033
49035
49037
49039
49041
49043
49045
49047
49049
49051
49053
49055
49057
49059
49061
49063
49065
49067
49069
49071
49073
49075
49077
49079
49081
49083
49085
49087
49089
49091
49093
49095
49097
49099
49101
49103
49105
49107
49109
49111
49113
49115
49117
49119
49121
49123
49125
49127
49129
49131
49133
49135
49137
49139
49141
49143
49145
49147
49149
49151
49153
49155
49157
49159
49161
49163
49165
49167
49169
49171
49173
49175
49177
49179
49181
49183
49185
49187
49189
49191
49193
49195
49197
49199
49201
49203
49205
49207
49209
49211
49213
49215
49217
49219
49221
49223
49225
49227
49229
49231
49233
49235
49237
49239
49241
49243
49245
49247
49249
49251
49253
49255
49257
49259
49261
49263
49265
49267
49269
49271
49273
49275
49277
49279
49281
49283
49285
49288
49290
49292
49294
49296
49298
49300
49302
49304
49306
49308
49310
49312
49314
49316
49318
49320
49322
49324
49326
49328
49330
49332
49334
49336
49338
49340
49342
49344
49346
49348
49350
49352
49354
49356
49358
49360
49362
49364
49366
49368
49370
49372
49374
49376
49378
49380
49382
49384
49386
49388
49390
49392
49394
49396
49398
49400
49402
49404
49406
49408
49410
49412
49414
49416
49418
49420
49422
49424
49426
49428
49430
49432
49434
49436
49438
49440
49442
49444
49446
49448
49450
49452
49454
49456
49458
49460
49462
49464
49466
49468
49470
49472
49474
49476
49478
49480
49482
49484
49486
49488
49490
49492
49494
49496
49498
49500
49502
49504
49506
49508
49510
49512
49514
49516
49518
49519
49521
49523
49525
49527
49529
49531
49533
49535
49537
49539
49541
49543
49545
49547
49549
49551
49553
49555
49557
49559
49561
49563
49565
49567
49569
49571
49573
49575
49577
49579
49581
49583
49585
49587
49589
49591
49593
49595
49597
49599
49601
49603
49605
49607
49609
49611
49613
49615
49617
49619
49621
49623
49625
49627
49629
49631
49633
49635
49637
49639
49641
49643
49645
49647
49649
49651
49653
49655
49657
49659
49661
49663
49665
49667
49669
49671
49673
49675
49677
49679
49681
49683
49685
49687
49689
49691
49693
49695
49697
49699
49701
49703
49705
49707
49709
49711
49713
49715
49717
49719
49721
49723
49725
49727
49729
49731
49733
49735
49737
49739
49741
49743
49745
49747
49749
49751
49753
49755
49757
49759
49761
49763
49765
49767
49769
49771
49773
49775
49777
49779
49781
49783
49785
49787
49789
49791
49793
49795
49797
49799
49801
49803
49805
49807
49809
49811
49813
49815
49817
49819
49821
49823
49825
49827
49829
49831
49833
49835
49837
49839
49841
49843
49845
49847
49849
49851
49853
49855
49857
49859
49861
49863
49865
49867
49869
49871
49873
49875
49877
49879
49881
49883
49885
49887
49889
49891
49893
49895
49897
49899
49901
49903
49905
49907
49909
49911
49913
49915
49917
49919
49922
49924
49926
49928
49930
49932
49934
49936
49938
49940
49942
49944
49946
49948
49950
49952
49954
49956
49958
49960
49962
49964
49966
49968
49970
49972
49974
49976
49978
49980
49982
49984
49986
49988
49990
49992
49994
49996
49998
50000
50002
50004
50006
50008
50010
50012
50014
50016
50018
50020
50022
50024
50026
50028
50030
50032
50034
50036
50038
50040
50042
50044
50046
50048
50050
50052
50054
50056
50058
50060
50062
50064
50066
50068
50070
50072
50074
50076
50078
50080
50082
50084
50086
50088
50090
50092
50094
50096
50098
50100
50102
50104
50106
50108
50110
50112
50114
50116
50118
50120
50122
50124
50126
50128
50130
50132
50134
50136
50138
50140
50142
50144
50146
50148
50150
50152
50153
50155
50157
50159
50161
50163
50165
50167
50169
50171
50173
50175
50177
50179
50181
50183
50185
50187
50189
50191
50193
50195
50197
50199
50201
50203
50205
50207
50209
50211
50213
50215
50217
50219
50221
50223
50225
50227
50229
50231
50233
50235
50237
50239
50241
50243
50245
50247
50249
50251
50253
50255
50257
50259
50261
50263
50265
50267
50269
50271
50273
50275
50277
50279
50281
50283
50285
50287
50289
50291
50293
50295
50297
50299
50301
50303
50305
50307
50309
50311
50313
50315
50317
50319
50321
50323
50325
50327
50329
50331
50333
50335
50337
50339
50341
50343
50345
50347
50349
50351
50353
50355
50357
50359
50361
50363
50365
50367
50369
50371
50373
50375
50377
50379
50381
50383
50385
50387
50389
50391
50393
50395
50397
50399
50401
50403
50405
50407
50409
50411
50413
50415
50417
50419
50421
50423
50425
50427
50429
50431
50433
50435
50437
50439
50441
50443
50445
50447
50449
50451
50453
50455
50457
50459
50461
50463
50465
50467
50469
50471
50473
50475
50477
50479
50481
50483
50485
50487
50489
50491
50493
50495
50497
50499
50501
50503
50505
50507
50509
50511
50513
50515
50517
50519
50521
50523
50525
50527
50529
50531
50533
50535
50537
50539
50541
50543
50545
50547
50549
50551
50553
50555
50557
50559
50561
50563
50565
50567
50569
50571
50573
50575
50577
50579
50581
50583
50585
50587
50589
50591
50593
50595
50597
50599
50601
50603
50605
50607
50609
50611
50613
50615
50617
50619
50621
50623
50625
50627
50629
50631
50633
50635
50637
50639
50641
50643
50645
50647
50649
50651
50653
50655
50657
50659
50661
50663
50665
50667
50669
50671
50673
50675
50677
50679
50681
50683
50685
50687
50689
50691
50693
50695
50697
50699
50701
50703
50705
50707
50709
50711
50713
50715
50717
50719
50721
50723
50725
50727
50729
50731
50733
50735
50737
50739
50741
50743
50745
50747
50749
50751
50753
50755
50757
50759
50761
50763
50765
50767
50769
50771
50773
50775
50777
50779
50781
50783
50785
50787
50789
50791
50793
50795
50797
50799
50801
50803
50805
50807
50809
50811
50813
50815
50817
50819
50821
50823
50825
50827
50829
50831
50833
50835
50837
50839
50841
50843
50845
50847
50849
50851
50853
50855
50857
50859
50861
50863
50865
50867
50869
50871
50873
50875
50877
50879
50881
50883
50885
50887
50889
50891
50893
50895
50897
50899
50901
50903
50905
50907
50909
50911
50913
50915
50917
50919
50921
50923
50925
50927
50929
50931
50933
50935
50937
50939
50941
50943
50945
50947
50949
50951
50953
50955
50957
50959
50961
50963
50965
50967
50969
50971
50973
50975
50977
50979
50981
50983
50985
50987
50989
50991
50993
50995
50997
50999
51001
51003
51005
51007
51009
51011
51013
51015
51017
51019
51021
51023
51025
51027
51029
51031
51033
51035
51037
51039
51041
51043
51045
51047
51049
51051
51053
51055
51057
51059
51061
51063
51065
51067
51069
51071
51073
51075
51077
51079
51081
51083
51085
51087
51089
51091
51093
51095
51097
51099
51101
51103
51105
51107
51109
51111
51113
51115
51117
51119
51121
51123
51125
51127
51129
51131
51133
51135
51137
51139
51141
51143
51145
51147
51149
51151
51153
51155
51157
51159
51161
51163
51165
51167
51169
51171
51173
51175
51177
51179
51181
51183
51185
51188
51190
51192
51194
51196
51198
51200
51202
51204
51206
51208
51210
51212
51214
51216
51218
51220
51222
51224
51226
51228
51230
51232
51234
51236
51238
51240
51242
51244
51246
51248
51250
51252
51254
51256
51258
51260
51262
51264
51266
51268
51270
51272
51274
51276
51278
51280
51282
51284
51286
51288
51290
51292
51294
51296
51298
51300
51302
51304
51306
51308
51310
51312
51314
51316
51318
51320
51322
51324
51326
51328
51330
51332
51334
51336
51338
51340
51342
51344
51346
51348
51350
51352
51354
51356
51358
51360
51362
51364
51366
51368
51370
51372
51374
51376
51378
51380
51382
51384
51386
51388
51390
51392
51394
51396
51398
51400
51402
51404
51406
51408
51410
51412
51414
51416
51418
51419
51421
51423
51425
51427
51429
51431
51433
51435
51437
51439
51441
51443
51445
51447
51449
51451
51453
51455
51457
51459
51461
51463
51465
51467
51469
51471
51473
51475
51477
51479
51481
51483
51485
51487
51489
51491
51493
51495
51497
51499
51501
51503
51505
51507
51509
51511
51513
51515
51517
51519
51521
51523
51525
51527
51529
51531
51533
51535
51537
51539
51541
51543
51545
51547
51549
51551
51553
51555
51557
51559
51561
51563
51565
51567
51569
51571
51573
51575
51577
51579
51581
51583
51585
51587
51589
51591
51593
51595
51597
51599
51601
51603
51605
51607
51609
51611
51613
51615
51617
51619
51621
51623
51625
51627
51629
51631
51633
51635
51637
51639
51641
51643
51645
51647
51649
51651
51653
51655
51657
51659
51661
51663
51665
51667
51669
51671
51673
51675
51677
51679
51681
51683
51685
51687
51689
51691
51693
51695
51697
51699
51701
51703
51705
51707
51709
51711
51713
51715
51717
51719
51721
51723
51725
51727
51729
51731
51733
51735
51737
51739
51741
51743
51745
51747
51749
51751
51753
51755
51757
51759
51761
51763
51765
51767
51769
51771
51773
51775
51777
51779
51781
51783
51785
51787
51789
51791
51793
51795
51797
51799
51801
51803
51805
51807
51809
51811
51813
51815
51817
51819
51822
51824
51826
51828
51830
51832
51834
51836
51838
51840
51842
51844
51846
51848
51850
51852
51854
51856
51858
51860
51862
51864
51866
51868
51870
51872
51874
51876
51878
51880
51882
51884
51886
51888
51890
51892
51894
51896
51898
51900
51902
51904
51906
51908
51910
51912
51914
51916
51918
51920
51922
51924
51926
51928
51930
51932
51934
51936
51938
51940
51942
51944
51946
51948
51950
51952
51954
51956
51958
51960
51962
51964
51966
51968
51970
51972
51974
51976
51978
51980
51982
51984
51986
51988
51990
51992
51994
51996
51998
52000
52002
52004
52006
52008
52010
52012
52014
52016
52018
52020
52022
52024
52026
52028
52030
52032
52034
52036
52038
52040
52042
52044
52046
52048
52050
52052
52053
52055
52057
52059
52061
52063
52065
52067
52069
52071
52073
52075
52077
52079
52081
52083
52085
52087
52089
52091
52093
52095
52097
52099
52101
52103
52105
52107
52109
52111
52113
52115
52117
52119
52121
52123
52125
52127
52129
52131
52133
52135
52137
52139
52141
52143
52145
52147
52149
52151
52153
52155
52157
52159
52161
52163
52165
52167
52169
52171
52173
52175
52177
52179
52181
52183
52185
52187
52189
52191
52193
52195
52197
52199
52201
52203
52205
52207
52209
52211
52213
52215
52217
52219
52221
52223
52225
52227
52229
52231
52233
52235
52237
52239
52241
52243
52245
52247
52249
52251
52253
52255
52257
52259
52261
52263
52265
52267
52269
52271
52273
52275
52277
52279
52281
52283
52285
52287
52289
52291
52293
52295
52297
52299
52301
52303
52305
52307
52309
52311
52313
52315
52317
52319
52321
52323
52325
52327
52329
52331
52333
52335
52337
52339
52341
52343
52345
52347
52349
52351
52353
52355
52357
52359
52361
52363
52365
52367
52369
52371
52373
52375
52377
52379
52381
52383
52385
52387
52389
52391
52393
52395
52397
52399
52401
52403
52405
52407
52409
52411
52413
52415
52417
52419
52421
52423
52425
52427
52429
52431
52433
52435
52437
52439
52441
52443
52445
52447
52449
52451
52453
52455
52457
52459
52461
52463
52465
52467
52469
52471
52473
52475
52477
52479
52481
52483
52485
52487
52489
52491
52493
52495
52497
52499
52501
52503
52505
52507
52509
52511
52513
52515
52517
52519
52521
52523
52525
52527
52529
52531
52533
52535
52537
52539
52541
52543
52545
52547
52549
52551
52553
52555
52557
52559
52561
52563
52565
52567
52569
52571
52573
52575
52577
52579
52581
52583
52585
52587
52589
52591
52593
52595
52597
52599
52601
52603
52605
52607
52609
52611
52613
52615
52617
52619
52621
52623
52625
52627
52629
52631
52633
52635
52637
52639
52641
52643
52645
52647
52649
52651
52653
52655
52657
52659
52661
52663
52665
52667
52669
52671
52673
52675
52677
52679
52681
52683
52685
52687
52689
52691
52693
52695
52697
52699
52701
52703
52705
52707
52709
52711
52713
52715
52717
52719
52721
52723
52725
52727
52729
52731
52733
52735
52737
52739
52741
52743
52745
52747
52749
52751
52753
52755
52757
52759
52761
52763
52765
52767
52769
52771
52773
52775
52777
52779
52781
52783
52785
52787
52789
52791
52793
52795
52797
52799
52801
52803
52805
52807
52809
52811
52813
52815
52817
52819
52821
52823
52825
52827
52829
52831
52833
52835
52837
52839
52841
52843
52845
52847
52849
52851
52853
52855
52857
52859
52861
52863
52865
52867
52869
52871
52873
52875
52877
52879
52881
52883
52885
52887
52889
52891
52893
52895
52897
52899
52901
52903
52905
52907
52909
52911
52913
52915
52917
52919
52921
52923
52925
52927
52929
52931
52933
52935
52937
52939
52941
52943
52945
52947
52949
52951
52953
52955
52957
52959
52961
52963
52965
52967
52969
52971
52973
52975
52977
52979
52981
52983
52985
52987
52989
52991
52993
52995
52997
52999
53001
53003
53005
53007
53009
53011
53013
53015
53017
53019
53021
53023
53025
53027
53029
53031
53033
53035
53037
53039
53041
53043
53045
53047
53049
53051
53053
53055
53057
53059
53061
53063
53065
53067
53069
53071
53073
53075
53077
53079
53081
53083
53085
53088
53090
53092
53094
53096
53098
53100
53102
53104
53106
53108
53110
53112
53114
53116
53118
53120
53122
53124
53126
53128
53130
53132
53134
53136
53138
53140
53142
53144
53146
53148
53150
53152
53154
53156
53158
53160
53162
53164
53166
53168
53170
53172
53174
53176
53178
53180
53182
53184
53186
53188
53190
53192
53194
53196
53198
53200
53202
53204
53206
53208
53210
53212
53214
53216
53218
53220
53222
53224
53226
53228
53230
53232
53234
53236
53238
53240
53242
53244
53246
53248
53250
53252
53254
53256
53258
53260
53262
53264
53266
53268
53270
53272
53274
53276
53278
53280
53282
53284
53286
53288
53290
53292
53294
53296
53298
53300
53302
53304
53306
53308
53310
53312
53314
53316
53318
53319
53321
53323
53325
53327
53329
53331
53333
53335
53337
53339
53341
53343
53345
53347
53349
53351
53353
53355
53357
53359
53361
53363
53365
53367
53369
53371
53373
53375
53377
53379
53381
53383
53385
53387
53389
53391
53393
53395
53397
53399
53401
53403
53405
53407
53409
53411
53413
53415
53417
53419
53421
53423
53425
53427
53429
53431
53433
53435
53437
53439
53441
53443
53445
53447
53449
53451
53453
53455
53457
53459
53461
53463
53465
53467
53469
53471
53473
53475
53477
53479
53481
53483
53485
53487
53489
53491
53493
53495
53497
53499
53501
53503
53505
53507
53509
53511
53513
53515
53517
53519
53521
53523
53525
53527
53529
53531
53533
53535
53537
53539
53541
53543
53545
53547
53549
53551
53553
53555
53557
53559
53561
53563
53565
53567
53569
53571
53573
53575
53577
53579
53581
53583
53585
53587
53589
53591
53593
53595
53597
53599
53601
53603
53605
53607
53609
53611
53613
53615
53617
53619
53621
53623
53625
53627
53629
53631
53633
53635
53637
53639
53641
53643
53645
53647
53649
53651
53653
53655
53657
53659
53661
53663
53665
53667
53669
53671
53673
53675
53677
53679
53681
53683
53685
53687
53689
53691
53693
53695
53697
53699
53701
53703
53705
53707
53709
53711
53713
53715
53717
53719
53722
53724
53726
53728
53730
53732
53734
53736
53738
53740
53742
53744
53746
53748
53750
53752
53754
53756
53758
53760
53762
53764
53766
53768
53770
53772
53774
53776
53778
53780
53782
53784
53786
53788
53790
53792
53794
53796
53798
53800
53802
53804
53806
53808
53810
53812
53814
53816
53818
53820
53822
53824
53826
53828
53830
53832
53834
53836
53838
53840
53842
53844
53846
53848
53850
53852
53854
53856
53858
53860
53862
53864
53866
53868
53870
53872
53874
53876
53878
53880
53882
53884
53886
53888
53890
53892
53894
53896
53898
53900
53902
53904
53906
53908
53910
53912
53914
53916
53918
53920
53922
53924
53926
53928
53930
53932
53934
53936
53938
53940
53942
53944
53946
53948
53950
53952
53953
53955
53957
53959
53961
53963
53965
53967
53969
53971
53973
53975
53977
53979
53981
53983
53985
53987
53989
53991
53993
53995
53997
53999
54001
54003
54005
54007
54009
54011
54013
54015
54017
54019
54021
54023
54025
54027
54029
54031
54033
54035
54037
54039
54041
54043
54045
54047
54049
54051
54053
54055
54057
54059
54061
54063
54065
54067
54069
54071
54073
54075
54077
54079
54081
54083
54085
54087
54089
54091
54093
54095
54097
54099
54101
54103
54105
54107
54109
54111
54113
54115
54117
54119
54121
54123
54125
54127
54129
54131
54133
54135
54137
54139
54141
54143
54145
54147
54149
54151
54153
54155
54157
54159
54161
54163
54165
54167
54169
54171
54173
54175
54177
54179
54181
54183
54185
54187
54189
54191
54193
54195
54197
54199
54201
54203
54205
54207
54209
54211
54213
54215
54217
54219
54221
54223
54225
54227
54229
54231
54233
54235
54237
54239
54241
54243
54245
54247
54249
54251
54253
54255
54257
54259
54261
54263
54265
54267
54269
54271
54273
54275
54277
54279
54281
54283
54285
54287
54289
54291
54293
54295
54297
54299
54301
54303
54305
54307
54309
54311
54313
54315
54317
54319
54321
54323
54325
54327
54329
54331
54333
54335
54337
54339
54341
54343
54345
54347
54349
54351
54353
54356
54358
54360
54362
54364
54366
54368
54370
54372
54374
54376
54378
54380
54382
54384
54386
54388
54390
54392
54394
54396
54398
54400
54402
54404
54406
54408
54410
54412
54414
54416
54418
54420
54422
54424
54426
54428
54430
54432
54434
54436
54438
54440
54442
54444
54446
54448
54450
54452
54454
54456
54458
54460
54462
54464
54466
54468
54470
54472
54474
54476
54478
54480
54482
54484
54486
54488
54490
54492
54494
54496
54498
54500
54502
54504
54506
54508
54510
54512
54514
54516
54518
54520
54522
54524
54526
54528
54530
54532
54534
54536
54538
54540
54542
54544
54546
54548
54550
54552
54554
54556
54558
54560
54562
54564
54566
54568
54570
54572
54574
54576
54578
54580
54582
54584
54586
54588
54590
54592
54594
54596
54598
54600
54602
54604
54606
54608
54610
54612
54614
54616
54618
54620
54622
54624
54626
54628
54630
54632
54634
54636
54638
54640
54642
54644
54646
54648
54650
54652
54654
54656
54658
54660
54662
54664
54666
54668
54670
54672
54674
54676
54678
54680
54682
54684
54686
54688
54690
54692
54694
54696
54698
54700
54702
54704
54706
54708
54710
54712
54714
54716
54718
54720
54722
54724
54726
54728
54730
54732
54734
54736
54738
54740
54742
54744
54746
54748
54750
54752
54754
54756
54758
54760
54762
54764
54766
54768
54770
54772
54774
54776
54778
54780
54782
54784
54786
54788
54790
54792
54794
54796
54798
54800
54802
54804
54806
54808
54810
54812
54814
54816
54818
54820
54822
54824
54826
54828
54830
54832
54834
54836
54838
54840
54842
54844
54846
54848
54850
54852
54854
54856
54858
54860
54862
54864
54866
54868
54870
54872
54874
54876
54878
54880
54882
54884
54886
54888
54890
54892
54894
54896
54898
54900
54902
54904
54906
54908
54910
54912
54914
54916
54918
54920
54922
54924
54926
54928
54930
54932
54934
54936
54938
54940
54942
54944
54946
54948
54950
54952
54954
54956
54958
54960
54962
54964
54966
54968
54970
54972
54974
54976
54978
54980
54982
54984
54986
54988
54990
54992
54994
54996
54998
55000
55002
55004
55006
55008
55010
55012
55014
55016
55018
55020
55022
55024
55026
55028
55030
55032
55034
55036
55038
55040
55042
55044
55046
55048
55050
55052
55054
55056
55058
55060
55062
55064
55066
55068
55070
55072
55074
55076
55078
55080
55082
55084
55086
55088
55090
55092
55094
55096
55098
55100
55102
55104
55106
55108
55110
55112
55114
55116
55118
55120
55122
55124
55126
55128
55130
55132
55134
55136
55138
55140
55142
55144
55146
55148
55150
55152
55154
55156
55158
55160
55162
55164
55166
55168
55170
55172
55174
55176
55178
55180
55182
55184
55186
55188
55190
55192
55194
55196
55198
55200
55202
55204
55206
55208
55210
55212
55214
55216
55218
55219
55221
55223
55225
55227
55229
55231
55233
55235
55237
55239
55241
55243
55245
55247
55249
55251
55253
55255
55257
55259
55261
55263
55265
55267
55269
55271
55273
55275
55277
55279
55281
55283
55285
55287
55289
55291
55293
55295
55297
55299
55301
55303
55305
55307
55309
55311
55313
55315
55317
55319
55321
55323
55325
55327
55329
55331
55333
55335
55337
55339
55341
55343
55345
55347
55349
55351
55353
55355
55357
55359
55361
55363
55365
55367
55369
55371
55373
55375
55377
55379
55381
55383
55385
55387
55389
55391
55393
55395
55397
55399
55401
55403
55405
55407
55409
55411
55413
55415
55417
55419
55421
55423
55425
55427
55429
55431
55433
55435
55437
55439
55441
55443
55445
55447
55449
55451
55453
55455
55457
55459
55461
55463
55465
55467
55469
55471
55473
55475
55477
55479
55481
55483
55485
55487
55489
55491
55493
55495
55497
55499
55501
55503
55505
55507
55509
55511
55513
55515
55517
55519
55521
55523
55525
55527
55529
55531
55533
55535
55537
55539
55541
55543
55545
55547
55549
55551
55553
55555
55557
55559
55561
55563
55565
55567
55569
55571
55573
55575
55577
55579
55581
55583
55585
55587
55589
55591
55593
55595
55597
55599
55601
55603
55605
55607
55609
55611
55613
55615
55617
55619
55622
55624
55626
55628
55630
55632
55634
55636
55638
55640
55642
55644
55646
55648
55650
55652
55654
55656
55658
55660
55662
55664
55666
55668
55670
55672
55674
55676
55678
55680
55682
55684
55686
55688
55690
55692
55694
55696
55698
55700
55702
55704
55706
55708
55710
55712
55714
55716
55718
55720
55722
55724
55726
55728
55730
55732
55734
55736
55738
55740
55742
55744
55746
55748
55750
55752
55754
55756
55758
55760
55762
55764
55766
55768
55770
55772
55774
55776
55778
55780
55782
55784
55786
55788
55790
55792
55794
55796
55798
55800
55802
55804
55806
55808
55810
55812
55814
55816
55818
55820
55822
55824
55826
55828
55830
55832
55834
55836
55838
55840
55842
55844
55846
55848
55850
55852
55853
55855
55857
55859
55861
55863
55865
55867
55869
55871
55873
55875
55877
55879
55881
55883
55885
55887
55889
55891
55893
55895
55897
55899
55901
55903
55905
55907
55909
55911
55913
55915
55917
55919
55921
55923
55925
55927
55929
55931
55933
55935
55937
55939
55941
55943
55945
55947
55949
55951
55953
55955
55957
55959
55961
55963
55965
55967
55969
55971
55973
55975
55977
55979
55981
55983
55985
55987
55989
55991
55993
55995
55997
55999
56001
56003
56005
56007
56009
56011
56013
56015
56017
56019
56021
56023
56025
56027
56029
56031
56033
56035
56037
56039
56041
56043
56045
56047
56049
56051
56053
56055
56057
56059
56061
56063
56065
56067
56069
56071
56073
56075
56077
56079
56081
56083
56085
56087
56089
56091
56093
56095
56097
56099
56101
56103
56105
56107
56109
56111
56113
56115
56117
56119
56121
56123
56125
56127
56129
56131
56133
56135
56137
56139
56141
56143
56145
56147
56149
56151
56153
56155
56157
56159
56161
56163
56165
56167
56169
56171
56173
56175
56177
56179
56181
56183
56185
56187
56189
56191
56193
56195
56197
56199
56201
56203
56205
56207
56209
56211
56213
56215
56217
56219
56221
56223
56225
56227
56229
56231
56233
56235
56237
56239
56241
56243
56245
56247
56249
56251
56253
56256
56258
56260
56262
56264
56266
56268
56270
56272
56274
56276
56278
56280
56282
56284
56286
56288
56290
56292
56294
56296
56298
56300
56302
56304
56306
56308
56310
56312
56314
56316
56318
56320
56322
56324
56326
56328
56330
56332
56334
56336
56338
56340
56342
56344
56346
56348
56350
56352
56354
56356
56358
56360
56362
56364
56366
56368
56370
56372
56374
56376
56378
56380
56382
56384
56386
56388
56390
56392
56394
56396
56398
56400
56402
56404
56406
56408
56410
56412
56414
56416
56418
56420
56422
56424
56426
56428
56430
56432
56434
56436
56438
56440
56442
56444
56446
56448
56450
56452
56454
56456
56458
56460
56462
56464
56466
56468
56470
56472
56474
56476
56478
56480
56482
56484
56486
56487
56489
56491
56493
56495
56497
56499
56501
56503
56505
56507
56509
56511
56513
56515
56517
56519
56521
56523
56525
56527
56529
56531
56533
56535
56537
56539
56541
56543
56545
56547
56549
56551
56553
56555
56557
56559
56561
56563
56565
56567
56569
56571
56573
56575
56577
56579
56581
56583
56585
56587
56589
56591
56593
56595
56597
56599
56601
56603
56605
56607
56609
56611
56613
56615
56617
56619
56621
56623
56625
56627
56629
56631
56633
56635
56637
56639
56641
56643
56645
56647
56649
56651
56653
56655
56657
56659
56661
56663
56665
56667
56669
56671
56673
56675
56677
56679
56681
56683
56685
56687
56689
56691
56693
56695
56697
56699
56701
56703
56705
56707
56709
56711
56713
56715
56717
56719
56721
56723
56725
56727
56729
56731
56733
56735
56737
56739
56741
56743
56745
56747
56749
56751
56753
56755
56757
56759
56761
56763
56765
56767
56769
56771
56773
56775
56777
56779
56781
56783
56785
56787
56789
56791
56793
56795
56797
56799
56801
56803
56805
56807
56809
56811
56813
56815
56817
56819
56821
56823
56825
56827
56829
56831
56833
56835
56837
56839
56841
56843
56845
56847
56849
56851
56853
56855
56857
56859
56861
56863
56865
56867
56869
56871
56873
56875
56877
56879
56881
56883
56885
56887
56890
56892
56894
56896
56898
56900
56902
56904
56906
56908
56910
56912
56914
56916
56918
56920
56922
56924
56926
56928
56930
56932
56934
56936
56938
56940
56942
56944
56946
56948
56950
56952
56954
56956
56958
56960
56962
56964
56966
56968
56970
56972
56974
56976
56978
56980
56982
56984
56986
56988
56990
56992
56994
56996
56998
57000
57002
57004
57006
57008
57010
57012
57014
57016
57018
57020
57022
57024
57026
57028
57030
57032
57034
57036
57038
57040
57042
57044
57046
57048
57050
57052
57054
57056
57058
57060
57062
57064
57066
57068
57070
57072
57074
57076
57078
57080
57082
57084
57086
57088
57090
57092
57094
57096
57098
57100
57102
57104
57106
57108
57110
57112
57114
57116
57118
57120
57122
57124
57126
57128
57130
57132
57134
57136
57138
57140
57142
57144
57146
57148
57150
57152
57154
57156
57158
57160
57162
57164
57166
57168
57170
57172
57174
57176
57178
57180
57182
57184
57186
57188
57190
57192
57194
57196
57198
57200
57202
57204
57206
57208
57210
57212
57214
57216
57218
57220
57222
57224
57226
57228
57230
57232
57234
57236
57238
57240
57242
57244
57246
57248
57250
57252
57254
57256
57258
57260
57262
57264
57266
57268
57270
57272
57274
57276
57278
57280
57282
57284
57286
57288
57290
57292
57294
57296
57298
57300
57302
57304
57306
57308
57310
57312
57314
57316
57318
57320
57322
57324
57326
57328
57330
57332
57334
57336
57338
57340
57342
57344
57346
57348
57350
57352
57354
57356
57358
57360
57362
57364
57366
57368
57370
57372
57374
57376
57378
57380
57382
57384
57386
57388
57390
57392
57394
57396
57398
57400
57402
57404
57406
57408
57410
57412
57414
57416
57418
57420
57422
57424
57426
57428
57430
57432
57434
57436
57438
57440
57442
57444
57446
57448
57450
57452
57454
57456
57458
57460
57462
57464
57466
57468
57470
57472
57474
57476
57478
57480
57482
57484
57486
57488
57490
57492
57494
57496
57498
57500
57502
57504
57506
57508
57510
57512
57514
57516
57518
57520
57522
57524
57526
57528
57530
57532
57534
57536
57538
57540
57542
57544
57546
57548
57550
57552
57554
57556
57558
57560
57562
57564
57566
57568
57570
57572
57574
57576
57578
57580
57582
57584
57586
57588
57590
57592
57594
57596
57598
57600
57602
57604
57606
57608
57610
57612
57614
57616
57618
57620
57622
57624
57626
57628
57630
57632
57634
57636
57638
57640
57642
57644
57646
57648
57650
57652
57654
57656
57658
57660
57662
57664
57666
57668
57670
57672
57674
57676
57678
57680
57682
57684
57686
57688
57690
57692
57694
57696
57698
57700
57702
57704
57706
57708
57710
57712
57714
57716
57718
57720
57722
57724
57726
57728
57730
57732
57734
57736
57738
57740
57742
57744
57746
57748
57750
57752
57753
57755
57757
57759
57761
57763
57765
57767
57769
57771
57773
57775
57777
57779
57781
57783
57785
57787
57789
57791
57793
57795
57797
57799
57801
57803
57805
57807
57809
57811
57813
57815
57817
57819
57821
57823
57825
57827
57829
57831
57833
57835
57837
57839
57841
57843
57845
57847
57849
57851
57853
57855
57857
57859
57861
57863
57865
57867
57869
57871
57873
57875
57877
57879
57881
57883
57885
57887
57889
57891
57893
57895
57897
57899
57901
57903
57905
57907
57909
57911
57913
57915
57917
57919
57921
57923
57925
57927
57929
57931
57933
57935
57937
57939
57941
57943
57945
57947
57949
57951
57953
57955
57957
57959
57961
57963
57965
57967
57969
57971
57973
57975
57977
57979
57981
57983
57985
57987
57989
57991
57993
57995
57997
57999
58001
58003
58005
58007
58009
58011
58013
58015
58017
58019
58021
58023
58025
58027
58029
58031
58033
58035
58037
58039
58041
58043
58045
58047
58049
58051
58053
58055
58057
58059
58061
58063
58065
58067
58069
58071
58073
58075
58077
58079
58081
58083
58085
58087
58089
58091
58093
58095
58097
58099
58101
58103
58105
58107
58109
58111
58113
58115
58117
58119
58121
58123
58125
58127
58129
58131
58133
58135
58137
58139
58141
58143
58145
58147
58149
58151
58153
58156
58158
58160
58162
58164
58166
58168
58170
58172
58174
58176
58178
58180
58182
58184
58186
58188
58190
58192
58194
58196
58198
58200
58202
58204
58206
58208
58210
58212
58214
58216
58218
58220
58222
58224
58226
58228
58230
58232
58234
58236
58238
58240
58242
58244
58246
58248
58250
58252
58254
58256
58258
58260
58262
58264
58266
58268
58270
58272
58274
58276
58278
58280
58282
58284
58286
58288
58290
58292
58294
58296
58298
58300
58302
58304
58306
58308
58310
58312
58314
58316
58318
58320
58322
58324
58326
58328
58330
58332
58334
58336
58338
58340
58342
58344
58346
58348
58350
58352
58354
58356
58358
58360
58362
58364
58366
58368
58370
58372
58374
58376
58378
58380
58382
58384
58386
58387
58389
58391
58393
58395
58397
58399
58401
58403
58405
58407
58409
58411
58413
58415
58417
58419
58421
58423
58425
58427
58429
58431
58433
58435
58437
58439
58441
58443
58445
58447
58449
58451
58453
58455
58457
58459
58461
58463
58465
58467
58469
58471
58473
58475
58477
58479
58481
58483
58485
58487
58489
58491
58493
58495
58497
58499
58501
58503
58505
58507
58509
58511
58513
58515
58517
58519
58521
58523
58525
58527
58529
58531
58533
58535
58537
58539
58541
58543
58545
58547
58549
58551
58553
58555
58557
58559
58561
58563
58565
58567
58569
58571
58573
58575
58577
58579
58581
58583
58585
58587
58589
58591
58593
58595
58597
58599
58601
58603
58605
58607
58609
58611
58613
58615
58617
58619
58621
58623
58625
58627
58629
58631
58633
58635
58637
58639
58641
58643
58645
58647
58649
58651
58653
58655
58657
58659
58661
58663
58665
58667
58669
58671
58673
58675
58677
58679
58681
58683
58685
58687
58689
58691
58693
58695
58697
58699
58701
58703
58705
58706
58707
58708
58709
58710
58711
58712
